1.374327256370162786e-01,3.938361500322955233e-02,2.199995890552889494e-02,1.671438284413163597e-02,2.987522944882497686e-02,1.125539071357968407e-01,3.606232231714917580e-02,6.690190873750821721e-02,4.687726229954415624e-02,9.128466917089540777e-02,6.007514012639767614e-02,3.714799943452856169e-03,3.814298994033720608e-02,5.833815351492824958e-02,1.880622974364292918e-02,5.701523478259784214e-03,4.493785807618443789e-02,2.766958436055470122e-02,5.244172244588042597e-02,9.108601687073665520e-02
7.014635298418064879e-02,1.158640505252239022e-01,3.103080292822529146e-02,6.073783630442491921e-02,4.802622748267125485e-02,5.505135850665802272e-02,3.747724392455256681e-02,4.980019343620272626e-02,4.041426848858370295e-04,2.461166588626081952e-02,9.250651564424332285e-02,5.422317148016358307e-02,6.656492392439269934e-02,1.859691661292031022e-03,7.444275908312142365e-02,4.979297459742215715e-02,7.172330801674339784e-02,1.832093763435422434e-02,7.161229771287475065e-02,5.803545582106479570e-03
8.240157179416712774e-02,4.011944629152282976e-02,2.076657704502457569e-01,1.714688235536953459e-02,6.593695452541985247e-02,1.217371499928387481e-02,5.512214652035168916e-02,5.154479899951725647e-02,5.446309303245208330e-03,7.848832144333121874e-02,8.838824867517534878e-02,2.966027086832247889e-02,4.957214952770783167e-02,6.644500498463525029e-03,1.296658962993571399e-03,4.839863026636966048e-02,7.849240599661549966e-02,3.833194348387568284e-02,2.282815429897004297e-02,2.034112073905207374e-02
4.746111707245548317e-02,3.130107905172018617e-02,8.338895449369219601e-03,3.777241265481186272e-02,5.481044911471812109e-02,1.456246627473588642e-02,2.269674837194715633e-02,3.746899233886811370e-02,5.647714946499310384e-02,9.806765873185493976e-02,9.236858466392358635e-02,1.056522950599459061e-02,9.642115956817286226e-02,6.894469570300586214e-02,4.726447386326345507e-02,5.303545668559373621e-02,8.846619527790533510e-02,4.005357071746772080e-02,1.080214472447290838e-02,8.312152076472585638e-02
5.914021307221323936e-02,3.453213054898846696e-02,3.028843151269783405e-03,4.075846870651400611e-02,1.931165971699917022e-02,1.311837336807895604e-01,7.745839447849750536e-02,2.209331415697400949e-02,8.136921363906492177e-02,2.666073499510853914e-02,9.047612153742079846e-03,2.333321621899445142e-02,5.110035652611554825e-03,1.165230650183879044e-02,6.496314449211725017e-02,1.040084368387773628e-01,2.002162105476463019e-02,8.022900240149732909e-02,1.170672557242296435e-01,6.903066281500759571e-02
6.099417059968990917e-02,8.424706657993824566e-02,9.682754271748946276e-03,1.188823558964667293e-01,4.043760799767331243e-02,2.502934838691980163e-02,2.104452166925139742e-02,8.206714182466873231e-02,6.751850335877081222e-02,1.338011515991984965e-02,7.368428123520748101e-03,6.823499001822600461e-03,6.789144961294889258e-02,9.088417557061787000e-02,6.415930715929855921e-02,1.956631339983382067e-02,4.188235171823283254e-02,2.133737096590837545e-02,9.173427879031835486e-02,6.506923991245025518e-02
1.159665837641428617e-02,5.683419288120050705e-02,6.156487137596053025e-03,6.410957820378060390e-02,2.226392583714500301e-02,1.924760468743525951e-02,1.934773073371885976e-01,1.494268188309384737e-01,8.202949419807847864e-02,3.066328842305075450e-02,2.754592817652958339e-02,1.136256186465891410e-02,1.012833100438139539e-01,1.839962061830721640e-02,1.204197391901435082e-03,2.052774661071909632e-02,5.831648518020542821e-02,3.896263019501002012e-03,5.913684398178505747e-02,6.252168719975027822e-02
9.525268335058330316e-02,5.141634751379951795e-02,3.067317102640994275e-02,1.006039330785256890e-02,1.329716464076480253e-02,5.240518134114307419e-02,1.329753091802054754e-01,7.923114886558139947e-02,8.423871338224118988e-02,4.854319842074372726e-02,8.277326517180678966e-02,2.491047017452515874e-02,1.868316357091989038e-02,2.750961531886510214e-02,2.942718028183732154e-02,1.510971896726787632e-02,5.139401616524558181e-02,7.493480529403810653e-02,3.420118580480403792e-02,4.296326822136511958e-02
5.418959245715651574e-02,5.380337485331903452e-02,2.097391290566323271e-02,8.858218955556322605e-02,7.675569163735187009e-03,4.203833705354168004e-03,1.832868995983993055e-01,1.245835787535640449e-01,1.803834428833525280e-02,1.223594250298634840e-02,2.507816808973624759e-02,1.383264993302016355e-02,1.033885644535150333e-01,7.415455090654016201e-02,9.793857112598954029e-03,4.219331567749072531e-02,4.703366712938563537e-02,4.151851601380854295e-02,2.085322219583308698e-02,5.458025070399523393e-02
1.140719733342991302e-02,6.787725046433676357e-02,9.084635047877228850e-03,7.970714202889198075e-02,2.066108743165699299e-02,4.410882426573972670e-02,1.028961230026094603e-01,1.565219313082041050e-03,5.687474624702434228e-02,9.465793508362059516e-02,7.561140976526511959e-02,8.247080732711410678e-02,1.425089138588056222e-03,3.728983529001589445e-03,8.019075247332939360e-02,5.062403280377699571e-02,5.420829190150441845e-02,6.096641855542298677e-02,3.778510566551557953e-02,6.414894862221262595e-02
8.102143744558985838e-02,4.924807142694469231e-02,2.595551102789431241e-02,5.539366824388906180e-02,8.322251780857162218e-02,7.567201846866604409e-02,4.304687488364034031e-02,7.434943282741342252e-02,4.778419451252554490e-02,7.141154925486699334e-02,1.089038920245135808e-02,1.745332654467184746e-02,7.867996059327517222e-02,4.930565691073075102e-02,7.814506981252153373e-02,1.115039525575121579e-02,2.968506556199371899e-02,1.045137890863571950e-02,6.028217431522837899e-02,4.685130699473839117e-02
1.289980786727195836e-02,1.878846532668000321e-02,6.768090700178461261e-02,7.509472405310944898e-02,2.539245691203053518e-02,6.124626888847012340e-02,5.407004164884487291e-02,5.664304973909144517e-03,5.382010252061374123e-02,4.273133506710360963e-02,9.302292564039396985e-03,2.527161964251835660e-02,8.407441860727546401e-02,1.041393802825578974e-01,1.205456125923788924e-01,9.144807325025282319e-02,1.739069841998132360e-02,5.711746068934565879e-02,2.997651886154398607e-02,4.334551083028811980e-02
3.541266758463504360e-02,5.714857152533429907e-02,3.743607190875245221e-03,9.932069876473953451e-02,3.607909545780992738e-02,6.921201366867786586e-02,8.903300214343753960e-02,2.430549465662347128e-02,7.043322332258929175e-02,4.494619987847567333e-02,3.836947857633565134e-02,5.882130339418978338e-02,3.256369210120750590e-02,1.282270114167500044e-02,2.748455969276475397e-02,7.813601063099076538e-02,6.808381287125725434e-02,3.355924257065105720e-02,3.622325242966851350e-02,8.430137239806187455e-02
7.508274314198133681e-02,2.642439195813429606e-02,2.502351146221750561e-02,2.023338629945097694e-02,1.671650506461013624e-02,1.210962522247875373e-01,2.901372026085832431e-03,5.382161719265898814e-02,1.036697414233384851e-01,4.047207138461737796e-02,5.065531079202580111e-02,5.561247913285050082e-02,1.066337970853477868e-01,7.918135639103972626e-03,3.655437538433000538e-02,7.586741644967322229e-02,2.374466339554033578e-02,5.329776307685001220e-03,3.230621669875902158e-02,1.199362369368017905e-01
4.995038082296834187e-02,4.301194556908912586e-02,6.571851030228322010e-02,2.965153969537190001e-02,4.836967382442231012e-02,7.680782657354483234e-02,6.826304380033776376e-02,8.348039725041210904e-03,3.785817472976407000e-02,3.619663568904234337e-04,7.151743669394203251e-02,7.061665514280873746e-02,5.631811837147356753e-02,6.757895608488931338e-02,2.456816438525043916e-02,1.029345464060260201e-01,6.317655330386436063e-02,2.871075851128623846e-02,1.230123732838819817e-02,7.393647237235796699e-02
1.120361895273918815e-02,9.952306520953736746e-02,8.871558339339755128e-02,8.450134867707626007e-03,2.233082381530354307e-02,5.526953296660122583e-02,6.458112648290026403e-02,2.877810947604138997e-02,1.479734746154282856e-04,9.445338977414184656e-02,7.186441989350261794e-02,3.273855884341657363e-02,4.155152533365535916e-02,9.443385887749257412e-02,2.437089449862377133e-02,1.170018642642866452e-01,5.056356536368193481e-03,1.430641399318399905e-02,8.604834763647398188e-02,3.917440171001073529e-02
3.322270872621348181e-02,5.827314456669536319e-02,6.593962689148100131e-02,3.306569211182644463e-02,5.540579955824192354e-02,6.479972100603409446e-02,7.329906367337649109e-02,1.032997620815871709e-02,4.797947061043601746e-02,9.702129575787220295e-02,7.494515190363570598e-03,2.580882682932198954e-02,4.653068963016561421e-02,7.185886026215197731e-02,8.095924251827286977e-02,3.203644821180893099e-03,4.060439510997771589e-02,4.241109167212927383e-02,7.066979917674975908e-02,7.112243567935055966e-02
1.954192695200286656e-02,2.448751705460208358e-03,4.107276122838161847e-02,4.186130170978888398e-02,2.292228804592640057e-02,9.725386971225333244e-02,5.109671244528085632e-02,7.404364699382778858e-02,1.445285032476486403e-02,3.220772417182257708e-02,8.497440111620294112e-02,1.901052990903260784e-02,3.460180711985709479e-02,3.115572468761070024e-02,9.214054107409194727e-02,7.819120843130680787e-02,7.408101064901137511e-02,7.886252359821512015e-02,5.978375308104520031e-02,5.029666704411679679e-02
5.758115810655180938e-02,7.381747155007958860e-02,5.015797403476916771e-02,3.428974297769303570e-02,8.373103645666513106e-03,8.453997409832482435e-02,9.089994791605866820e-02,3.546382921911160613e-02,2.603515086707625451e-02,8.653243800279976361e-02,1.295265446758469760e-02,2.286189871997711467e-02,6.438319817602557171e-02,9.206746603800250450e-02,5.769743516816467493e-02,3.225500187804550278e-02,8.037538946848842014e-02,1.919546181729413215e-02,4.770218202159227233e-02,2.281852182669392645e-02
4.691065008761158978e-02,9.120098397969576831e-02,7.940572441104552098e-03,8.251113063459487862e-02,5.937336860955026718e-02,7.754181003076902889e-02,2.821303702819698538e-03,9.321209764249185903e-02,4.857246267989066835e-02,2.642558187958889138e-02,4.374578986204405743e-04,3.536323622156523766e-02,1.004095576326855671e-01,5.923674489072394689e-02,9.838731204855284684e-02,1.979894806925792256e-02,8.041849612798275537e-02,3.283859807819056870e-02,1.249184082989930958e-02,2.410784651440423323e-02
