1.189871594538378929e-01,6.977668247013446567e-02,1.061487977499848794e-02,5.248401949192701976e-02,8.066347256096349783e-02,1.769118484387615514e-02,9.037351760612699625e-02,7.861199767338303279e-02,3.588045222328601486e-02,8.020203751346384469e-02,9.925848175472207213e-03,7.710655773905387977e-02,2.783447648182197504e-02,7.519205732857772717e-02,1.369438166701627234e-02,1.314315763504266162e-02,8.224312296115431076e-02,2.023753317077018471e-02,4.673217684624531888e-03,4.066424354446893791e-02
9.025566075223746820e-02,1.282047228423229546e-01,1.670288248394420291e-02,4.620580208865887606e-02,4.965977422015778464e-02,6.685811637203423197e-02,5.456537606121222156e-02,2.958151928128475994e-02,6.606018523587955937e-02,3.211947456626018660e-02,2.867535426750204147e-02,1.188984740766355422e-02,6.966736325243544359e-02,5.331318255246711435e-02,5.187720083554367423e-02,5.290144369399575608e-02,9.179248839073141097e-02,1.437195194162238336e-02,4.068986434811829728e-02,4.607789405928019652e-03
3.673655146917501751e-02,7.499258320093138419e-02,6.278806089424193715e-02,6.011867057534446557e-02,8.139602539927315306e-02,3.802484029194394544e-02,4.114509394561745304e-02,6.985759343220242223e-02,3.621878621423288425e-02,5.230604217091432834e-02,3.684035886426473283e-02,5.769242143153005542e-02,4.524405094965527896e-02,2.225678530285053053e-02,8.713668032399689289e-02,3.827517895339521692e-02,2.319213029588327105e-02,6.868062410069392110e-02,3.813511264026139824e-02,2.896240954359160374e-02
3.472423026306387106e-02,1.938975700624030393e-02,7.793309461811182004e-02,5.869103791360071737e-02,3.524470676111472744e-02,5.524768831026571556e-03,9.483259238793592671e-02,6.363566693088192061e-02,7.582065251563245567e-02,4.273536330146589235e-02,9.235420013711897330e-03,4.943488778084616925e-02,1.622960969043914584e-02,7.481020683367677060e-02,8.920195581524062445e-02,3.173184872996778066e-02,6.050942990582809655e-02,6.337764407320510551e-02,2.633483144693237951e-02,7.060229518107778712e-02
1.223807889040253311e-01,4.375281242817813387e-02,1.244109761658764371e-02,7.373728592762196499e-02,4.178619891016511351e-02,2.819267444300712147e-02,5.267882566186065513e-02,1.579145456182899990e-02,6.156411728634490765e-02,2.833095393139093907e-02,1.502776652191662940e-02,8.096790159069171267e-02,7.919210758502051584e-02,3.107889184829574353e-03,5.588449671338877045e-02,2.706531393978739083e-02,1.010148672612172505e-01,7.240668529882346438e-02,3.020311124961119406e-02,5.447365098370264558e-02
1.266466915696211337e-02,1.157968803590218726e-01,9.975902635814232894e-03,9.432637528874101424e-03,2.687872006800206756e-02,9.636745319611182692e-02,7.107577979999546436e-02,1.278967909508226808e-01,1.550923784818360705e-02,4.042143057624258962e-02,3.722825444797634581e-02,2.165538232618407360e-02,3.890260599144093612e-02,7.065711734014235024e-02,2.159344959540131920e-02,2.020388915927302451e-02,7.075327445592121539e-03,1.290589268591415262e-01,3.441000208755704004e-02,9.319554262726072180e-02
1.018565111888156127e-01,7.024041011211482055e-02,5.439649580810959617e-02,6.879803912599448401e-02,8.438721725838979615e-02,2.843765133205383017e-02,7.018666972250699188e-02,7.774116597674099460e-02,9.878123324755998941e-03,4.905370841883886779e-02,3.649747787318743941e-02,1.461051122487556225e-02,8.417368169852799953e-02,5.735707432866386790e-02,7.756328767832357425e-03,3.746310307625100311e-02,7.107460886697124225e-02,5.554276022695411180e-02,9.439455138646142551e-03,1.110900652976915329e-02
7.144193014626021299e-02,4.915537395951628807e-02,2.420813855507768578e-02,1.399640076316245596e-02,3.362120624733606206e-02,7.419594399571061150e-02,5.100186781490063936e-02,5.603540307210117324e-03,3.638957317024695687e-02,9.521600530755583436e-02,3.850596364650463177e-02,9.957966352286495848e-02,1.228821088637037547e-02,5.834373690123047934e-02,1.193538172061440888e-01,7.104944366436756475e-02,1.223910317382776933e-02,5.051804086282003781e-02,5.022334573144366515e-02,3.306869413744972092e-02
2.858879724823861455e-03,3.415998873818932441e-02,2.564980641457467389e-02,8.268434362370548352e-02,6.356193238211865770e-02,3.813488022921653758e-02,7.063390563900293073e-02,4.519500851516973505e-02,1.136263376920670781e-01,4.350752961762762577e-02,4.795609573171844345e-03,1.182422195877399530e-02,6.435035723570586841e-02,1.199281672930041787e-01,1.182787369444836673e-01,2.341420630429532496e-02,9.283181777709637733e-03,4.119035923780785258e-02,2.432055054002335570e-02,6.260199655852842493e-02
1.927176460317598858e-02,6.420391809864690880e-02,1.083993870954399336e-01,1.117827230413680033e-02,6.112994316940880551e-02,7.543313034544593676e-02,1.124341669968866378e-02,5.694930383829028414e-02,4.206110332372645783e-02,1.153752104886856256e-01,1.018069541642201321e-02,2.416645074026910894e-02,1.453091413504475123e-03,7.131931884435760427e-02,1.569573267800501992e-01,3.590098441398132528e-02,7.925001756988835425e-03,1.099303473117206886e-01,1.129330031675998200e-03,1.579200332438437243e-02
9.027056394974017350e-02,3.695832604915509634e-02,6.250022601658532066e-04,2.188487509006363171e-02,4.322392004971895713e-02,6.725456163058182724e-02,4.380903312467137461e-03,7.204715677020837039e-02,9.075048500974844390e-02,5.914546826793227324e-03,8.052882181081286173e-02,2.564286260742089634e-03,2.554295758911485567e-02,5.173762268970220207e-02,1.078958495594902478e-01,3.920144013650026828e-03,9.793645692280214532e-02,6.727989998113434456e-02,3.304419794344651273e-02,9.623942228046200587e-02
7.709304227287525069e-02,7.546193877882048651e-02,8.029249920612440902e-03,1.748224389774720444e-02,2.259374827873172897e-02,4.669068865455042183e-02,3.368959451505389169e-02,7.301974295694385608e-02,2.740891509493405959e-02,4.642879147305455784e-02,2.624503137138781486e-02,9.616744520534731624e-03,6.694486880457768685e-02,1.113597538909316537e-01,7.622023342310695060e-02,2.795582625194484305e-02,5.584880719591421572e-02,6.672807657692944594e-02,5.107958924430171938e-02,8.010311287704700856e-02
1.206526455087237326e-01,2.216484414838950853e-02,1.219318258864394815e-03,2.522492159919211344e-02,2.840861314903153287e-02,3.893440136930845924e-02,8.673729788160673693e-02,8.395892121647319239e-02,2.666114204535971477e-02,7.817231225160883867e-02,9.710417376151517233e-02,6.439167931401335032e-02,1.160181948543959618e-01,4.161095805455342252e-03,1.965861140109003910e-02,7.465310127904989379e-02,4.729877330834298538e-02,1.638884386751362360e-02,1.046268668521425915e-02,3.772842229485116189e-02
9.633681529940624211e-03,7.757732998932946600e-02,2.774278681845282132e-02,6.843593882941889639e-02,8.502067916910910350e-02,2.093262959259594921e-02,5.145113705182384478e-02,1.490148566750815196e-01,3.821148573923068004e-02,4.769107215546855572e-02,6.136432652759032935e-02,1.098991876774285253e-01,6.350993223480984329e-02,7.308394014834853139e-03,6.976053830229507480e-02,5.604133755731335008e-03,3.028059891126468062e-02,4.508959709627695378e-02,2.250362060114372009e-02,8.968073328173292377e-03
7.792229739299816327e-02,3.377397177402360895e-02,3.231630219911943436e-02,7.338511882443715661e-02,9.013018912546277503e-03,3.838060217475237901e-02,5.411051874671057166e-02,7.865620685087931774e-02,3.264318820069278971e-03,5.355978970202380368e-02,3.436911793485922240e-02,9.715512877852743034e-02,1.314546787109016970e-02,5.718822972710641689e-02,6.519755527818414664e-02,7.640379216777039295e-02,9.995018277622882627e-03,1.213453371457348939e-01,3.779844934263566075e-02,3.301975807890885489e-02
3.111435165898945865e-02,3.113780834066020090e-02,6.715067582353524689e-02,9.181522617507761191e-03,6.099393325805639587e-02,2.316100321343740956e-02,5.043838863653257731e-02,1.348715611536118464e-01,4.594140332273756455e-02,1.145023459002234151e-01,7.006484385368821899e-02,1.345404719234513657e-02,1.887668090991024769e-02,2.184952189360771929e-02,1.152691327590017883e-01,7.247770940830684794e-02,5.110417332643483850e-03,4.861894037610988567e-02,5.503480322545176162e-02,1.075090912364296165e-02
9.042672128480466753e-02,1.933277420672111988e-02,1.929666839842841125e-02,6.588108317712301765e-02,1.070867237378862191e-01,7.824165665461287750e-03,2.369792353474138233e-02,2.865865376812299151e-02,8.276135979085914862e-02,8.706178282308561778e-02,8.129698600654158835e-02,2.571233870025949053e-02,9.111717958258670758e-02,3.907572080845932161e-02,5.904309378899300770e-02,2.584775793291753040e-02,1.685907771847752062e-02,1.702152340951627527e-02,2.206148204234979412e-02,8.993698362266486224e-02
1.265936528400821159e-01,1.725937061153128439e-03,6.424061058558343251e-02,2.617997163602671026e-02,9.627721380137814478e-02,8.441595566253447258e-02,9.246552842198796363e-02,3.205449433644868423e-02,8.036206595999326879e-03,5.499015163013622198e-02,6.187931031144386362e-02,1.890393878043720999e-02,3.328623112105610904e-02,7.548462971755186268e-02,5.470426315288417791e-04,1.930278884698073336e-02,5.360740243985899489e-02,3.656444144511545452e-02,3.107243593897412309e-02,8.237205619572277038e-02
1.016533492808068678e-01,4.631973286635490683e-02,2.855097869553051976e-02,1.022394675205392069e-03,1.889350250275835530e-02,7.276567755459584230e-02,7.456343306618072597e-02,3.813187558240957800e-03,7.241177528397617878e-03,6.770234722588855392e-02,2.223358570955313862e-02,8.110456377800118188e-02,2.956327634331695070e-02,9.125550827248823937e-02,2.067319252722239417e-02,1.995451205564689398e-02,5.538588159006321843e-02,7.257284453731704943e-02,1.108369195185730238e-01,7.389393471385824474e-02
1.160942747033499346e-02,4.021094280205313176e-02,3.040622688701061574e-02,3.638262710766066582e-02,1.732718804139652541e-02,4.645348011551788531e-02,4.232638570264763561e-02,4.037668800888188220e-02,5.357733662718804774e-02,7.347691807202596376e-03,6.680819579162776412e-02,8.340449891504000957e-02,4.758927407150526784e-02,7.464747671453128564e-02,6.912771437197787194e-02,2.286387192892587461e-02,5.836104575389659127e-02,1.185345163767874549e-01,4.985781105540022101e-02,8.278760045041369531e-02
