0.061,0.060877,0.003706,-0.06877,0.14952,0.005902,0.045312,1.1432,0.060169,0.10832579445853269,4.0,7.0,0.843117,-0.13097,0.00031814304239550264,4.877937889413761e-05,6.074917201347216e-06,0.029276102531861983,0.0,110.2845852754755,7.069895613974808e-05,125.0,1.285435566177238e-05,0.00014139791227949617,0.015594010114562299,2.1598853357251238,345.8087512599701,0.066809,0.06711,0.004504,-0.088759,0.126188,0.010316,0.054998,1.2492,0.065749,0.0912538016902275,3.0,8.0,-0.089805,-0.996917,0.00018598728942890557,4.1178541227476205e-05,2.7660253826735676e-06,0.023102919885655382,0.0,113.97579754815371,8.480455094573272e-05,125.0,1.5419009262860494e-05,0.00016960910189146543,0.01933133265950584,2.8911840231806836,516.6342096187448
0.047911,0.047666,0.002272,-0.097082,0.058487,-0.008232,0.040042,0.8936,0.047032,0.058390425076898574,3.0,5.0,-0.316238,-0.892535,9.560490828118445e-05,1.2456729767432948e-05,8.814077343181891e-07,0.02822858777912122,0.0,113.1716991201848,4.361396796230836e-05,75.0,7.929812356783338e-06,8.722793592461672e-05,0.009871733719335482,1.4427821790560207,255.2531220833102,0.094823,0.092422,0.008542,-0.149732,0.214265,-0.006035,0.070842,1.611,0.084788,0.07981698519064546,3.0,9.0,0.702128,-0.092024,0.0005552748854839066,0.00021226009022193935,2.7990582680106748e-05,0.02566444305640307,0.0,98.99792264637092,0.00017083714566061372,100.0,3.106129921102068e-05,0.00034167429132122743,0.03382504506247248,4.037024135493511,549.7977126845126
0.055963,0.054604,0.002982,-0.097082,0.101257,0.022799,0.046834,1.1936,0.06282,0.05008215567636,4.0,8.0,-0.390813,-0.810127,4.094500294498609e-05,1.8859709178565892e-05,4.046569780658976e-07,0.03398503985086826,0.0,122.33287906704066,5.950510979717246e-05,125.0,1.0819110872213175e-05,0.00011901021959434492,0.01455886280137695,2.082606162592965,332.94835016453465,0.090512,0.088231,0.007785,-0.149732,0.214265,-0.017063,0.069114,1.4977,0.078828,0.21426507682107693,4.0,8.0,0.720522,0.25477,0.0005276129477624763,0.00020002904470891352,2.7246787767654534e-05,0.04895793421112099,0.0,103.00318310229156,0.00015565606813909766,75.0,2.830110329801776e-05,0.00031131213627819533,0.032066140975028495,3.8976152915686657,546.8372160082221
0.070047,0.068456,0.004686,-0.08873,0.113856,-0.002536,0.059199,1.6038,0.084413,0.10125749641847505,5.0,8.0,0.155931,-1.290251,0.00011945114536058329,3.883406412008465e-05,1.9224541363767093e-06,0.04074893365574791,0.0,139.06233722716436,9.322627991066879e-05,100.0,1.6950232711030688e-05,0.00018645255982133757,0.025928528750742884,4.21167979151448,772.7193043104573,0.052534,0.051609,0.002663,-0.080887,0.091827,0.01465,0.044873,0.9258,0.048724,0.09182653140764915,3.0,8.0,-0.130853,-1.1361,3.3453208972091726e-05,1.3015715567635573e-05,2.866524132397346e-07,0.034295502952880426,0.0,91.84506946579623,5.243661118890901e-05,50.0,9.533929307074366e-06,0.00010487322237781802,0.009632088394392592,1.1528792094400984,175.46299677886503
0.063922,0.062322,0.003884,-0.08873,0.113856,-0.011299,0.051603,1.4921,0.078533,0.10604260187998044,4.0,8.0,0.37636,-0.839334,7.342030350778707e-05,3.205950239199437e-05,1.4479097414160984e-06,0.03446339856075105,0.0,144.33591996869737,7.763453760247132e-05,100.0,1.4115370473176604e-05,0.00015526907520494265,0.022410904812394255,3.590019274961516,628.2755991684853,0.09319,0.091014,0.008284,-0.160467,0.273701,-0.006708,0.064299,1.4934,0.0786,0.06649273034658683,3.0,8.0,0.994788,2.412489,0.0006020199362343247,0.000352796977081792,6.676096542989249e-05,0.03840756011635064,0.0,112.57436572130435,0.00016500148384271995,75.0,3.0000269789585445e-05,0.0003300029676854399,0.03714987477333649,4.909244916370472,746.8584530433077
0.044518,0.043447,0.001888,-0.074644,0.070779,-0.009038,0.038647,1.2485,0.06571,0.039664173553484366,6.0,7.0,0.056562,-1.268166,7.851592641220222e-06,6.153041900445673e-06,4.364819913924245e-08,0.029537554044430456,0.0,165.8679316891864,3.765467504625177e-05,150.0,6.846304553863958e-06,7.530935009250354e-05,0.012491406136700401,2.26344561000477,436.70185653569405,0.104415,0.102299,0.010465,-0.160622,0.273701,-0.022634,0.076354,1.8436,0.097032,0.2737012326703557,4.0,7.0,0.812126,1.039459,0.0005325953908397761,0.00040451297848240675,6.382993036956037e-05,0.045943050614466484,0.0,98.68099346722919,0.0002071479929222366,75.0,3.766327144040665e-05,0.0004142959858444732,0.040883139472617736,5.038556543593759,736.5646340546184
0.067614,0.066004,0.004356,-0.154994,0.10493,-0.001511,0.05462,1.728,0.090949,0.07077859266184036,6.0,6.0,-0.449908,-0.524398,0.00017659915504280202,4.8934028066132036e-05,4.466763702791717e-06,0.034238803426351556,0.0,141.86407466221158,8.686052537781785e-05,150.0,1.5792822795966882e-05,0.0001737210507556357,0.02464477611479535,4.0151612993878985,727.3460314538984,0.075069,0.073331,0.005377,-0.160622,0.1253,0.011575,0.061319,1.8775,0.098818,0.1172571844858454,5.0,7.0,-0.24454,-0.5363,1.7298452834140946e-05,6.950882562891619e-05,2.440578767893906e-06,0.04422184419812158,0.0,137.3896628714376,0.00010707272060396422,150.0,1.9467767382538947e-05,0.00021414544120792843,0.02942136997301255,4.605622632020729,784.6579328647579
0.067581,0.06587,0.004339,-0.154994,0.108592,0.003608,0.049155,1.4427,0.07593,0.10492955745682199,4.0,8.0,-0.50168,-0.093812,0.0001423891154993992,5.466665114344293e-05,3.937813989555453e-06,0.025859528614864357,0.0,127.70424418866197,8.677645189370293e-05,150.0,1.5777536707945988e-05,0.00017355290378740586,0.022163442404918236,3.211928382923678,502.4023699957452,0.066841,0.065167,0.004247,-0.154279,0.097674,0.004835,0.054157,1.7543,0.09233,0.08778413004378116,6.0,5.0,-0.335196,-0.440148,0.00011269525347691485,4.6759238415530466e-05,3.5711164793361774e-06,0.039064593878422184,0.0,157.7950595727009,8.488643297720956e-05,175.0,1.5433896904947192e-05,0.00016977286595441912,0.026789319497105727,4.746065551570927,881.5941740379847
0.047417,0.046285,0.002142,-0.081393,0.108592,0.003701,0.032693,0.9446,0.049713,0.04816388793058358,5.0,6.0,0.62522,0.482846,7.79028762145361e-05,1.6593934555683937e-05,1.159526665284432e-06,0.017631484985148903,0.0,154.04231105784515,4.2718509130099144e-05,200.0,7.767001660018027e-06,8.543701826019829e-05,0.01316091574269226,2.4026320112007857,471.5191486001719,0.078292,0.076738,0.005889,-0.161764,0.123929,-0.010933,0.059287,1.8954,0.099755,0.09767381806791467,6.0,6.0,-0.178478,-0.399527,0.0002212788628138012,9.30417971492283e-05,7.465666749600469e-06,0.03136519550325749,0.0,143.99103017816142,0.00011646238468655764,200.0,2.1174979033919572e-05,0.0002329247693731153,0.03353907749604553,5.741087688286429,1074.15057327415
0.058909,0.057514,0.003308,-0.108303,0.137659,-0.005171,0.043238,1.4474,0.07618,0.0805667248233875,7.0,4.0,0.752223,0.386699,0.00010935310013149078,3.512765160454642e-05,2.4100820459021396e-06,0.02613777830545019,0.0,187.873329136304,6.593404863127487e-05,200.0,1.1988008842049976e-05,0.00013186809726254973,0.024774498439585152,5.066635485793222,1071.7572405098558,0.110221,0.107603,0.011578,-0.161764,0.27376,-0.01563,0.086419,2.3896,0.125767,0.1239287764631068,5.0,8.0,0.639415,-0.058412,0.0010041213877894496,0.00041373044695182067,7.726311649709196e-05,0.05235755513653922,0.0,142.5441994411121,0.00023082487846601713,100.0,4.1968159721094026e-05,0.00046164975693203426,0.06580549502406081,10.69863810012989,1911.9691792555534
0.060551,0.059307,0.003517,-0.108303,0.137659,0.010185,0.046495,1.6843,0.088646,0.0805667248233875,7.0,4.0,0.20617,-0.215435,0.0001036609308153957,3.5489107812293325e-05,2.1817141756522828e-06,0.03179382971262085,0.0,185.68091351247065,6.966268615005042e-05,200.0,1.2665942936372804e-05,0.00013932537230010084,0.025870062404147798,5.0571809019425755,1015.8187666324513,0.100167,0.097698,0.009545,-0.137868,0.27376,-0.036519,0.078188,1.7637,0.092824,0.17067479559686655,5.0,7.0,1.043599,0.825521,0.0010754346783471245,0.00036247965267036385,8.07793478469563e-05,0.05592212104247454,0.0,110.31084133901429,0.00019063357144556963,100.0,3.466064935373993e-05,0.00038126714289113926,0.042057899307243754,5.506783465207896,843.1545958193992
0.060193,0.058754,0.003452,-0.112909,0.098593,0.013007,0.048681,1.3832,0.072798,0.09859334089389322,4.0,6.0,-0.429507,-0.719292,5.3933491041917e-05,2.6127382078963597e-05,7.922100983638911e-07,0.0352450232600141,0.0,136.50400274213675,6.883982712888494e-05,100.0,1.2516332205251807e-05,0.00013767965425776988,0.01879382390233906,3.011473129576583,534.6381681964189,0.059977,0.058503,0.003423,-0.09786,0.13157,-0.004088,0.048869,1.2574,0.066177,0.07014521970198849,5.0,7.0,0.300063,-0.682339,8.349252597856392e-05,2.772488282358433e-05,1.622367809533447e-06,0.03377970986612624,0.0,115.40371393251473,6.834702457999805e-05,50.0,1.2426731741817827e-05,0.0001366940491599961,0.015775000945537295,2.309987042066356,389.03468303834484
0.060423,0.059521,0.003543,-0.112909,0.088901,0.004669,0.049466,1.4172,0.07459,0.06871597698372924,5.0,6.0,-0.258436,-0.965122,0.00014314112690775493,2.7852362219166953e-05,1.8440471730391996e-06,0.03527094378466947,0.0,136.86402880536215,6.936830517513502e-05,150.0,1.2612419122751822e-05,0.00013873661035027003,0.018988051435337664,2.9934911289525665,527.0498305623663,0.066287,0.064618,0.004176,-0.118738,0.13157,0.007211,0.049485,1.4351,0.07553,0.06149528375184658,6.0,7.0,-0.283373,-0.390772,6.224644260655923e-05,4.514964388204646e-05,5.177345656328042e-07,0.03011096132560883,0.0,127.90411198009663,8.348448009935405e-05,150.0,1.5178996381700736e-05,0.0001669689601987081,0.021356016582455856,3.091630407433613,485.859371399917
0.061957,0.060392,0.003647,-0.107793,0.124469,0.001911,0.045877,1.6004,0.084229,0.049446698747990264,7.0,5.0,0.129654,-0.371676,3.6610860052822577e-05,3.5048608329605074e-05,8.942133054644432e-07,0.024063486248024228,0.0,161.5701778303502,7.293405901109038e-05,200.0,1.3260738002016434e-05,0.00014586811802218077,0.023567937768622257,4.189179539831357,782.26627232981,0.062783,0.061603,0.003795,-0.118738,0.090883,0.006041,0.047707,1.5172,0.079853,0.08371638690198077,7.0,5.0,-0.470137,-0.684996,0.00018780330352570967,3.6652618308119346e-05,2.749387769775354e-06,0.029844272130261494,0.0,149.0095219610538,7.489173653950369e-05,100.0,1.3616679370818853e-05,0.00014978347307900738,0.02231916372116926,3.6966031712492256,654.7196764618524
0.060938,0.059956,0.003595,-0.101352,0.124469,0.00748,0.044332,1.6188,0.0852,0.12446854504856993,7.0,4.0,0.011354,-0.372607,8.953790034704558e-05,3.4198424076750665e-05,1.5774621537802221e-06,0.021215732911379223,0.0,173.44163474260938,7.05555497819666e-05,200.0,1.2828281778539383e-05,0.0001411110995639332,0.024474539788695692,4.588551095118553,894.5961659830431,0.055966,0.0546,0.002981,-0.113548,0.090883,0.008666,0.043667,1.4283,0.075175,0.09088294249966701,7.0,4.0,-0.657686,-0.416991,8.559991497490017e-05,2.195878919635775e-05,1.264779213437073e-06,0.02679299909709795,0.0,147.830318974881,5.951107139130649e-05,225.0,1.0820194798419362e-05,0.00011902214278261298,0.017595081332627507,3.129351830725391,617.599645343071
0.061024,0.059591,0.003551,-0.089658,0.118473,0.003851,0.048773,1.4711,0.077424,0.04947354789180448,6.0,5.0,0.301048,-0.787989,2.4469316921492964e-05,2.7041616959849685e-05,8.977423986549502e-07,0.032268346087298755,0.0,142.11278170418865,7.075439551142767e-05,175.0,1.2864435547532303e-05,0.00014150879102285533,0.02011020792785469,3.168234000332807,529.1029143442601,0.070913,0.069139,0.00478,-0.101361,0.138391,-0.002406,0.055179,1.8224,0.095916,0.06311635157389718,6.0,6.0,0.122332,-0.708989,6.508012261359787e-05,5.264920905227227e-05,2.5272522994799905e-06,0.030914235715184563,0.0,152.7746891786199,9.554518873455172e-05,100.0,1.737185249719122e-05,0.00019109037746910343,0.02919377302286743,5.1183947219711365,971.9030701860702
0.072977,0.071133,0.00506,-0.089658,0.162485,-0.01378,0.05947,1.6751,0.088161,0.11847271049570318,7.0,6.0,0.715811,-0.533947,0.00024723973748746846,6.243546449822797e-05,6.743655249842047e-06,0.04481924292800533,0.0,150.46130297869774,0.00010118779945996548,175.0,1.8397781719993723e-05,0.00020237559891993096,0.030449696304587145,5.003033337039643,868.9237418074017,0.098443,0.095968,0.00921,-0.148112,0.176957,-0.004695,0.078515,2.351,0.123739,0.13839072954993542,7.0,6.0,0.279539,-0.935566,0.00019539144807840977,0.00017332803784401638,8.472445365870608e-06,0.04942096304146251,0.0,153.47596061663205,0.00018412898218363004,175.0,3.3477996760660004e-05,0.0003682579643672601,0.056518744835990696,9.915801948051058,1846.6835313091344
0.074358,0.072477,0.005253,-0.105763,0.162485,-0.007253,0.057166,1.9443,0.102331,0.09578790121312566,5.0,7.0,0.543722,-0.339909,0.0002161681544130729,7.388526444790119e-05,6.673843955407616e-06,0.03770548359334337,0.0,140.87833437494206,0.00010505253222473059,150.0,1.9100460404496473e-05,0.00021010506444946118,0.029599251523379944,4.456477999377207,707.0875642892727,0.131031,0.128234,0.016444,-0.200211,0.297806,0.01549,0.105725,2.929,0.154159,0.15157753523259984,5.0,6.0,0.278186,-0.611627,0.0011459878680523878,0.0006752245181574784,0.00011049941115655948,0.07491729853052001,0.0,123.16565977244969,0.00032621342392230037,25.0,5.931153162223643e-05,0.0006524268478446007,0.0803565831680399,13.645028092037863,2641.253194755766
0.059439,0.057939,0.003357,-0.105763,0.134317,-0.007989,0.046788,1.5219,0.0801,0.1343169481739117,6.0,7.0,0.131901,-0.096816,3.293245546986961e-05,3.2789685370242114e-05,1.0020464144327205e-06,0.03496946248650802,0.0,138.2254303528444,6.712732773882144e-05,150.0,1.2204968679785718e-05,0.00013425465547764289,0.018557407530270045,2.7210886248281705,414.4914104313231,0.124661,0.121576,0.014781,-0.200211,0.297806,0.010371,0.093868,2.7012,0.142167,0.1271793728125195,4.0,8.0,0.325306,-0.077954,0.000767769950279591,0.0006481254184635359,9.589907324012444e-05,0.05153658586298152,0.0,121.2344963435834,0.00029526923073245806,225.0,5.368531467862874e-05,0.0005905384614649161,0.07159363294721374,11.454286529770027,2126.901721733083
0.055451,0.054093,0.002926,-0.108772,0.093983,0.00702,0.046061,1.3468,0.070885,0.05188100057005136,6.0,7.0,-0.35177,-0.674661,3.613279244499643e-05,1.9436261281063664e-05,6.835564236672654e-07,0.036025208417481774,0.0,132.2425828540423,5.842245296527539e-05,150.0,1.0622264175504617e-05,0.00011684490593055079,0.01545187215359364,2.403375960181901,398.87747177832046,0.164416,0.163144,0.026616,-0.390156,0.375857,-0.017781,0.121732,3.5586,0.187297,0.14938401876193572,4.0,6.0,0.196258,0.762964,0.0015764835137170349,0.0025278610109087094,0.00013347079389172922,0.0642304344592937,0.0,145.43174815747824,0.0005136196716231073,225.0,9.338539484056496e-05,0.0010272393432462145,0.14939321346443682,26.585146861995113,5201.0754983174
0.069976,0.068223,0.004654,-0.108772,0.093983,0.020522,0.059431,1.8909,0.099519,0.09398273558253421,6.0,6.0,-0.391591,-1.249894,0.00010184175093381149,3.714588158671265e-05,1.445524587123663e-06,0.04508191323309452,0.0,147.2705738313616,9.303669340977653e-05,150.0,1.6915762438141186e-05,0.00018607338681955307,0.027403134451660496,4.427429693704197,750.5107639214929,0.242265,0.236286,0.055831,-0.390156,0.431119,-0.010533,0.203287,5.1588,0.271515,0.37585741828797603,4.0,6.0,0.327566,-0.965566,0.005743136918400171,0.006496837523455386,0.0012127924098420957,0.1665419118668468,0.0,118.81920569869756,0.001115158253317662,100.0,0.0002027560460577567,0.002230316506635324,0.26500443577510313,39.92892343951022,7071.209804691975
0.082683,0.080696,0.006512,-0.147369,0.153562,0.012494,0.068222,2.2238,0.117041,0.08987838266700768,6.0,6.0,-0.054208,-0.918202,0.00010932919386931342,8.895254000355925e-05,1.340321155740003e-06,0.05156833909443089,0.0,154.94127694705728,0.00012989172027413938,175.0,2.3616676413479887e-05,0.00025978344054827877,0.040251178008250246,6.788268300595953,1190.7504400184694,0.272769,0.266332,0.070932,-0.377851,0.43468,-0.01187,0.230772,5.3917,0.283775,0.4311194167567898,4.0,5.0,0.175813,-1.286902,0.006658746277259826,0.008873537380768156,0.0014605706829040677,0.16575156871479582,0.0,121.08003308623955,0.0014136552751730057,100.0,0.0002570282318496374,0.0028273105503460114,0.3423308549809692,55.49722863245967,10695.02111479854
0.082833,0.080847,0.006536,-0.147369,0.153562,0.01051,0.06746,2.11,0.111051,0.08502098292930699,6.0,6.0,-0.096864,-0.848359,0.00013426122141359053,9.299213550387478e-05,2.0594451548829677e-06,0.049901527741481704,0.0,153.94926852571052,0.00013036355098992723,175.0,2.3702463816350406e-05,0.00026072710197985445,0.04013874663462692,6.80501601495235,1222.2835483495528,0.250313,0.246326,0.060676,-0.465278,0.43468,-0.042968,0.19838,4.7308,0.248991,0.4346804613890034,4.0,6.0,0.196157,-0.714185,0.0032522323566877105,0.008124956694322517,0.0006667246937165978,0.11647713182259246,0.0,108.87623029371872,0.001190480020088585,100.0,0.0002164509127433791,0.00238096004017717,0.2592299536544713,41.12409231666075,7886.635030656491
0.080649,0.078756,0.006202,-0.161239,0.089491,0.015996,0.067417,2.0375,0.107239,0.08504523960210814,5.0,5.0,-0.563821,-0.88874,0.00036352881147773023,8.676908822499823e-05,9.613920250456087e-06,0.054947662659826764,0.0,155.9008498517985,0.0001235824248238781,150.0,2.2469531786159654e-05,0.0002471648496477562,0.038533210113577195,6.591461021303364,1192.888554184355,0.195606,0.192895,0.037208,-0.465278,0.359347,0.006169,0.142839,3.5793,0.188386,0.18889780622272362,4.0,9.0,-0.325354,0.455154,0.0009681015427477584,0.004488833671834405,0.00043318855448145266,0.06748286774200335,0.0,94.92567582365879,0.0007269724638592744,100.0,0.00013217681161077716,0.0014539449277185489,0.13801670487406398,18.28180489083723,2949.1623313746327
0.146003,0.142418,0.020283,-0.296044,0.292768,-0.02229,0.112319,3.6418,0.191672,0.292767762057759,6.0,5.0,0.151153,-0.024616,9.22556457877032e-05,0.001214252662645334,2.722887096823815e-05,0.0835536285818963,0.0,172.47808586734914,0.0004050204678201531,175.0,7.364008505820965e-05,0.0008100409356403062,0.13971431005343657,26.568072433042765,5364.218745688126,0.265565,0.259348,0.067261,-0.602141,0.578282,0.015056,0.188638,5.1868,0.272989,0.28756654642632395,5.0,4.0,-0.313969,0.466405,0.0021833024927405717,0.0153127402808847,0.0010572512350287184,0.0887204810589081,0.0,119.25823551214644,0.0013399723445073996,75.0,0.00024363133536498176,0.0026799446890147993,0.319605474882053,52.13134632371502,10077.87136848062
0.230526,0.225887,0.051025,-0.296044,0.685274,0.023891,0.169765,5.0399,0.265257,0.26793254528261645,5.0,6.0,1.006319,1.492157,0.014946157770682044,0.012673881312765914,0.007493388487094044,0.09958863923010369,0.0,150.51318967902398,0.0010097018145074812,125.0,0.0001835821480922693,0.0020194036290149624,0.3039468814524384,55.24503570828526,11213.354103586207,0.311124,0.305881,0.093563,-0.602141,0.578282,-0.035298,0.248543,5.9143,0.311279,0.5782820911927828,3.0,6.0,0.217998,-0.442443,0.005037731353099367,0.021541477556186316,0.0005114144884337252,0.17910377196999555,0.0,110.96694014798962,0.0018391639919394577,75.0,0.0003343934530799014,0.0036783279838789153,0.4081728012317669,65.58420848992637,13141.734857499065
0.229303,0.223646,0.050018,-0.416786,0.685274,-0.008597,0.162208,3.9606,0.208454,0.6852744326036748,3.0,10.0,1.049205,2.449768,0.010487603968962037,0.01323466462249073,0.0068074088777301854,0.08996727293198942,0.0,136.93468680188388,0.0009990169635810293,150.0,0.0001816394479238235,0.0019980339271620587,0.2736001500354746,43.92708066228378,7867.303148893634,0.220155,0.21511,0.046272,-0.447679,0.532189,0.052656,0.16921,3.3705,0.177395,0.5321892187461369,3.0,9.0,-0.060909,0.524182,0.001484749327822023,0.007498301695230761,0.0009131745312944396,0.12277454212259942,0.0,90.18185021653846,0.000920897390436009,50.0,0.00016743588917018346,0.001841794780872018,0.1660964610582026,21.115113912810397,3474.123191716837
0.31236,0.304513,0.092728,-0.483904,0.779853,-0.037127,0.221293,5.7515,0.302712,0.7798528666612916,4.0,8.0,0.771587,0.830155,0.020062981000051043,0.03239193568513438,0.01532482728906738,0.13883623177514898,0.0,123.26255109698155,0.0018538045503209075,150.0,0.00033705537278561954,0.003707609100641815,0.45700935621549554,67.59261956570086,10842.837135357659,0.201139,0.196048,0.038435,-0.573594,0.277803,0.057038,0.15332,3.28,0.172633,0.2778033331151132,2.0,8.0,-1.215506,1.430359,0.009257882398703971,0.00657614894124931,0.003175505812058453,0.1141532145226959,0.0,93.87280341917878,0.0007686833930525278,75.0,0.00013976061691864142,0.0015373667861050557,0.14431693009521457,16.419482416098496,2269.8373603884047
0.323273,0.31512,0.099301,-0.483904,0.779853,-0.049437,0.244288,6.7307,0.354249,0.7798528666612916,6.0,6.0,0.709658,0.239895,0.02354553336797169,0.03234767454340197,0.01591507848245493,0.16719684961543813,0.0,123.21706877497998,0.0019856048988266544,150.0,0.00036101907251393715,0.003971209797653309,0.4893208307573221,75.95099724937955,12941.207762942619,0.302391,0.294734,0.086868,-0.573594,0.571791,0.00725,0.241464,5.7219,0.301153,0.2778033331151132,3.0,10.0,-0.048258,-0.545553,0.0011984605984154838,0.018520841038148612,8.264928957894138e-05,0.17972850380072694,0.0,98.72308022862906,0.0017373673313225053,100.0,0.0003158849693313646,0.0034747346626450106,0.34303650887350173,39.799163877613594,5415.693852409433
0.25963,0.255083,0.065068,-0.550338,0.422544,-0.067579,0.212027,4.6889,0.246783,0.2691195044877863,4.0,6.0,0.132547,-0.632551,0.004052077804445404,0.009829514142702795,0.001676927785695966,0.15226434951978426,0.0,88.14856153308395,0.0012807425497765748,25.0,0.00023286228177755907,0.0025614850995531496,0.22579122691403847,35.558856288734056,6859.579955802126,0.306109,0.299416,0.08965,-0.466389,0.571791,0.018554,0.250121,5.0677,0.266722,0.5717913122820864,3.0,12.0,0.038341,-1.001567,0.007751320483908497,0.01627658086874404,0.0029112499725325812,0.1709937023102917,0.0,92.8650038590681,0.0017803504472923778,50.0,0.0003237000813258869,0.0035607008945847556,0.33066450231660055,42.97799542713628,7150.509881272741
0.501651,0.491407,0.241481,-0.833559,1.438482,-0.023467,0.36756,9.7006,0.510556,0.42254423353954373,3.0,7.0,0.745516,1.216854,0.12247250741604258,0.2615883928555367,0.2873877834210443,0.22538629804684937,1.0,114.6212773294519,0.0047814160247434566,100.0,0.000869348368135174,0.009562832049486913,1.0961040243992104,159.73734093294848,26856.167000787296,0.277572,0.27553,0.075917,-0.571738,0.383526,0.018554,0.226604,3.7819,0.199047,0.38352636788335814,1.0,9.0,-0.065344,-0.988153,0.012893364163544885,0.012251332707200921,0.00349264180640849,0.15156829792509804,0.0,78.23344896997487,0.0014638816280850458,25.0,0.0002661602960154629,0.0029277632561700915,0.22904901729775035,34.090137167096856,6723.257355586867
0.536499,0.522951,0.273478,-0.857661,1.438482,0.050879,0.392538,10.9909,0.578468,1.438481839634043,5.0,8.0,0.591103,0.916305,0.07946605692577788,0.2907993649637836,0.2599985991820572,0.24785029015845536,1.0,117.38310384911759,0.00546879701259794,100.0,0.0009943267295632618,0.01093759402519588,1.283888735319056,184.27634328206153,29884.687110487113,0.232462,0.226595,0.051345,-0.571738,0.368575,0.067902,0.179156,2.7513,0.144808,0.2725330068221091,1.0,8.0,-0.829036,0.175727,0.01009287803358792,0.008484760681670757,0.0031918988320747423,0.13364741355704507,0.0,70.0635403950191,0.0010267332756636312,25.0,0.0001866787773933875,0.0020534665513272624,0.14387313666873822,17.75523388649215,3047.3392190469817
0.357873,0.354443,0.12563,-0.857661,0.471066,-0.048925,0.283674,5.4485,0.286762,0.31380791575497935,3.0,11.0,-0.405812,-0.37363,0.04044228967152129,0.04612156744757978,0.0274644832767943,0.20803238857657738,0.0,87.79925922010986,0.0024333901978018336,25.0,0.0004424345814185152,0.004866780395603667,0.4272997135209552,55.26416281971575,8585.51010406481,0.228347,0.233398,0.054474,-0.34752,0.710732,0.083893,0.177715,3.5712,0.187957,0.2725330068221091,4.0,6.0,0.624044,1.580019,0.017670857577700424,0.014664642113119627,0.008906370393681837,0.12482227659686539,0.0,98.83934041627789,0.0009907088080012276,25.0,0.0001801288741820414,0.0019814176160024553,0.19584201025487646,30.615983741267822,5755.759686248717
0.256755,0.250725,0.062863,-0.409037,0.471066,-0.025453,0.200733,3.068,0.161476,0.4710663728862382,2.0,11.0,0.106607,-0.579727,0.004562196257571935,0.009684160627979483,0.001280864645997627,0.14228541520923418,0.0,86.34903245819486,0.001252537399127348,50.0,0.00022773407256860875,0.002505074798254696,0.2163107850647007,26.011383175721384,4020.0855428395025,0.269163,0.26326,0.069306,-0.485002,0.710732,0.020576,0.202932,5.442,0.286422,0.7107324942218092,5.0,7.0,0.666652,0.942161,0.007505049841088571,0.017817966650317034,0.007250173759968953,0.13264504189865672,0.0,126.21682794019648,0.00137652144444692,125.0,0.00025027662626307635,0.00275304288889384,0.34748034061949523,54.9527291964563,9939.294651659913
0.278373,0.271714,0.073829,-0.703924,0.386932,0.040102,0.217166,5.1348,0.270251,0.31401708458437044,4.0,10.0,-0.801035,0.337751,0.012785281844028657,0.017251673074609213,0.008106084518797782,0.1525967558146355,0.0,114.59968139919675,0.0014723441125577834,125.0,0.0002676989295559606,0.002944688225115567,0.3374603324182101,43.43228432758462,6175.398913164505,0.267545,0.261574,0.068421,-0.485002,0.555709,0.023704,0.206778,5.3335,0.280711,0.5557086777501212,5.0,8.0,-0.006546,-0.327885,0.004304713034763767,0.012537274519377303,0.00011303203983611006,0.13884777027099623,0.0,134.9206440243462,0.0013600234959627185,50.0,0.00024727699926594884,0.002720046991925437,0.3669904919270655,63.67856544512841,12658.118866144643
0.309031,0.302973,0.091792,-0.703924,0.406192,0.118645,0.263476,5.932,0.31221,0.31401708458437044,4.0,9.0,-0.728372,-0.354499,0.010978191589706327,0.019756534493768303,0.007801953730057254,0.21935640701911607,0.0,111.70537317408946,0.00181450705754243,125.0,0.00032991037409862365,0.00362901411508486,0.4053803759795923,51.1027801720056,7165.841937331305,0.264954,0.258957,0.067059,-0.480831,0.555709,0.015226,0.212312,5.5007,0.289512,0.5557086777501212,5.0,8.0,0.03795,-0.533896,0.0045001903900624375,0.011166038526691485,0.0015277518029986514,0.14988215770327196,0.0,155.15738694596988,0.0013338138772242402,200.0,0.00024251161404077094,0.0026676277544484804,0.41390215172477157,75.56783133552918,14888.030703728602
0.259272,0.252835,0.063925,-0.599427,0.406192,0.047608,0.202101,4.6849,0.246576,0.36330926314423784,4.0,11.0,-0.560887,-0.145196,0.007510649841112202,0.01137611188365185,0.003421336362022797,0.13509985672540836,0.0,112.61244810220889,0.0012772156644197195,75.0,0.00023222102989449444,0.002554431328839439,0.2876607654495878,39.21410947184738,6046.945323202013,0.191712,0.186916,0.034938,-0.357939,0.361695,-0.018471,0.154174,3.7571,0.197743,0.29224786407236053,4.0,7.0,0.128215,-0.715048,0.0013258953804305166,0.0028058155937548722,0.00013415480263114502,0.1101098095862719,0.0,118.56969240058979,0.0006983160232503904,100.0,0.00012696654968188915,0.0013966320465007807,0.16559823215040378,23.30789506576359,3751.9747128829213
0.222302,0.22062,0.048673,-0.599427,0.363309,-0.03209,0.170495,2.9858,0.157149,0.36330926314423784,3.0,8.0,-0.329941,0.496398,0.009279586698877573,0.008753156572107132,0.0035833276413616438,0.11278032193233122,0.0,76.31069377838891,0.0009389413265814053,50.0,0.00017071660483298278,0.0018778826531628105,0.14330252809725574,17.92331904260478,3069.1899301722924,0.146977,0.143338,0.020546,-0.27796,0.265326,-0.018471,0.117178,3.4082,0.179377,0.21077998415456964,5.0,6.0,-0.047094,-0.568034,0.00016045120994099822,0.0010244509302995211,1.5311371637641854e-05,0.0865425703847995,0.0,135.07985649165374,0.0004104418494449558,200.0,7.462579080817377e-05,0.0008208836988899116,0.11088485224238716,17.533073527066172,3065.2587838859263
0.253608,0.247676,0.061344,-0.327748,0.636492,-0.079782,0.210137,3.6133,0.190173,0.24712947326562315,3.0,8.0,0.729784,-0.160894,0.013880588075694806,0.011374904609648736,0.005449252488952313,0.17540659764479616,0.0,100.72696911109426,0.001222019883302078,75.0,0.00022218543332765052,0.002444039766604156,0.24618071807702283,32.278721464032756,5206.243871885988,0.227964,0.223788,0.050081,-0.414434,0.360795,-0.008696,0.184731,4.8557,0.255564,0.22227910759874872,5.0,4.0,-0.221802,-0.996715,0.0064030037638433766,0.005353572539524813,0.001041653240121144,0.13069466790121123,0.0,133.41202082144636,0.0009873849152908655,75.0,0.00017952453005288464,0.001974769830581731,0.263458033755134,45.86296314313386,9138.588076715756
0.263182,0.258332,0.066735,-0.430431,0.636492,0.006488,0.216211,4.7454,0.24976,0.6364923940049394,5.0,7.0,0.323115,-0.310056,0.011514467600261782,0.012683146648309482,0.0048232489469358306,0.16669588928929313,0.0,112.95818015840904,0.0013160305559371298,50.0,0.00023927828289765996,0.0026320611118742596,0.29731283326303504,41.394891184724095,6650.495308263306,0.288899,0.282841,0.079999,-0.711873,0.361127,0.010026,0.224725,4.7105,0.247919,0.25520932388153966,3.0,8.0,-0.623176,-0.262976,0.020269930481877384,0.01902811547296337,0.00970130722017454,0.1418891803460807,0.0,121.32100505541891,0.0015857851802395088,100.0,0.0002883245782253652,0.0031715703604790176,0.38477810373729165,61.5571757468189,11151.903089708865
0.239502,0.233937,0.054727,-0.759844,0.213725,0.046939,0.163879,4.1992,0.221012,0.19553539214838006,4.0,8.0,-1.756236,2.897509,0.02484247303902776,0.01895470914709308,0.013378465713246315,0.10891744942358698,0.0,139.99454760333893,0.001089863621604195,175.0,0.00019815702210985363,0.00217972724320839,0.30514992931163165,48.81599970545992,8567.814543161481,0.250438,0.244897,0.059975,-0.711873,0.387855,0.005676,0.178053,3.9716,0.209033,0.3878550563142838,4.0,11.0,-1.020952,1.812307,0.011305839607447441,0.016049843948972853,0.008277143777822345,0.09633004911223073,0.0,87.31497987302718,0.0011916679277031818,75.0,0.00021666689594603306,0.0023833358554063637,0.20810092224547067,22.140335854163933,2774.015146237676
0.208679,0.203616,0.04146,-0.759844,0.213725,0.018577,0.131382,3.4372,0.180904,0.21372544164828433,4.0,5.0,-2.532922,7.403629,0.020134297418479993,0.017018492331633522,0.012601112168247674,0.08830542039181016,0.0,145.80761277221401,0.0008273892823630481,150.0,0.00015043441497509966,0.0016547785647260962,0.24127931218934273,39.93822179140649,7113.254786843053,0.191661,0.18787,0.035295,-0.284704,0.387855,-0.025198,0.152375,4.2352,0.222904,0.3878550563142838,7.0,6.0,0.496871,-0.785733,0.0053354209074171835,0.0030385131619703842,0.0007534534799029154,0.1002014822244451,0.0,151.99289530038695,0.0006979472600705472,200.0,0.00012689950183100858,0.0013958945201410944,0.21216604965018923,36.95423570357921,6830.230684325683
0.161852,0.157927,0.024941,-0.361417,0.388932,-0.021262,0.121387,3.6926,0.194347,0.16821089096518924,5.0,5.0,0.163146,0.611629,0.0011929038236082755,0.0022638997240187145,0.00016041654095755572,0.08431639258365237,0.0,129.70511981088848,0.000497726999697828,100.0,9.049581812687782e-05,0.000995453999395656,0.12911548025784167,20.433615961481017,3680.7848202774885,0.416397,0.40592,0.164771,-0.815294,1.098642,0.004343,0.27789,7.7242,0.406538,0.3570805252011725,6.0,2.0,0.289774,1.430516,0.01575087482991085,0.11969275039734402,0.04691277040516674,0.13847474156856324,1.0,140.53057143788138,0.003294340035612392,100.0,0.0005989709155658895,0.006588680071224784,0.9259109754305999,167.0218412452148,34727.373490893806
0.274246,0.267494,0.071553,-0.402946,0.753064,-0.02366,0.196375,6.0977,0.320933,0.38893239502004034,5.0,7.0,0.981543,1.23777,0.016574864457827007,0.02091918687733901,0.0114473895259226,0.10012464935126549,0.0,133.50387381732355,0.0014290079687276154,100.0,0.00025981963067774825,0.002858015937455231,0.38155619908192284,59.80111046661344,10665.218893005711,0.447654,0.436406,0.19045,-0.815294,1.098642,0.009887,0.317675,8.3596,0.439981,1.0986421867111498,4.0,3.0,0.266903,0.532135,0.017196347659461063,0.12732753610000005,0.04866058710918166,0.1514446734286777,1.0,130.6951206381998,0.0038074882443483566,75.0,0.0006922705898815194,0.007614976488696713,0.9952402708472721,163.54912662879482,31082.45599800615
0.284123,0.279207,0.077957,-0.402946,0.753064,-0.06179,0.212815,6.0094,0.316285,0.27942821886479496,5.0,8.0,1.136453,1.169723,0.015900835390565457,0.021671448015229307,0.011597986254552595,0.10818157623282824,0.0,125.70736252844193,0.0015337904791167087,25.0,0.00027887099620303794,0.0030675809582334174,0.3856175116019935,61.35223839362682,10918.21715012823,0.247044,0.241208,0.058181,-0.457612,0.57756,-0.025095,0.193652,4.6108,0.242674,0.5775596700366558,4.0,6.0,0.299697,-0.130704,0.006661306563947878,0.009953890779683712,0.0023757294051368,0.13000794466134755,0.0,99.33731192017898,0.0011595822900475666,75.0,0.00021083314364501212,0.0023191645800951332,0.23037957528714115,33.913432113471494,6450.012030695014
0.238633,0.232595,0.0541,-0.383612,0.421908,-0.019732,0.191615,4.4846,0.236032,0.4219078703090102,3.0,11.0,0.243631,-0.90536,0.002848559194649542,0.006114453856396992,0.0006151185533432552,0.11665535103976146,0.0,102.17657671340842,0.001081969722905077,100.0,0.0001967217678009231,0.002163939445810154,0.22110392478799173,28.103362760721854,4218.962908049956,0.194736,0.190067,0.036126,-0.304995,0.421254,-0.025095,0.153926,4.3611,0.22953,0.2767789639634345,6.0,6.0,0.558998,-0.566726,0.0049024468053505,0.003332285226317741,0.0008318861736084885,0.0916388797792225,0.0,124.25868472585523,0.0007205193621938195,100.0,0.0001310035203988763,0.001441038724387639,0.17906157653143223,26.45660875718948,4512.560291903217
0.202537,0.198651,0.039462,-0.383612,0.40597,0.018741,0.15823,3.8257,0.201352,0.40596955617781366,5.0,10.0,-0.146844,-0.467766,0.0014742044817470244,0.0038606782777905768,0.0001928929568020418,0.0998011391416019,0.0,103.72386276290214,0.000779403253049562,100.0,0.00014170968237264763,0.001558806506099124,0.16168543211254452,20.53409421205742,3098.1894201045616,0.312782,0.3049,0.092964,-0.656934,0.549063,0.011387,0.227874,7.3345,0.386027,0.42125432978273525,5.0,5.0,-0.220389,-0.060317,0.007591104425657501,0.025526651469069767,0.005596892359202136,0.11925941042033618,0.0,130.9927638026624,0.0018588184766802679,175.0,0.0003379669957600487,0.0037176369533605358,0.4869835393356062,78.08374276021773,13832.998454041235
0.150641,0.146851,0.021565,-0.272359,0.274305,-0.012846,0.113228,3.1448,0.165518,0.12800595574714832,5.0,8.0,-0.229024,-0.484339,0.0008975707117218938,0.001177825933235253,7.930700145076842e-05,0.07074455974338181,0.0,118.60485254627194,0.00043116338552320936,50.0,7.83933428224017e-05,0.0008623267710464187,0.1022761395266633,15.517006382098225,2713.471740014159,0.304827,0.297397,0.088445,-0.656934,0.549063,0.011038,0.22422,6.5218,0.343252,0.5490627730816506,6.0,3.0,-0.27898,0.028291,0.01078214292963051,0.024070536318695372,0.006195947077423775,0.09486437494621373,0.0,126.8231799145071,0.0017654742625381526,50.0,0.0003209953204614823,0.0035309485250763053,0.44780612006461573,75.90356025878532,14768.299277595725
0.238535,0.233659,0.054596,-0.481843,0.515505,-0.012846,0.174122,5.2792,0.277855,0.20944058724749234,6.0,7.0,0.202103,0.074301,0.0063298368374131025,0.009395447540989636,0.0015947397997419055,0.09790901571399906,0.0,143.72922677676766,0.0010810756068246395,125.0,0.00019655920124084356,0.002162151213649279,0.3107643221122606,51.89545726434868,9328.932665690525,0.149027,0.145352,0.021127,-0.242949,0.2917,-0.012573,0.111747,3.5308,0.185833,0.2105983140491154,6.0,5.0,0.160685,-0.520284,0.00015453329930998282,0.0010969431526198304,3.1823407447875295e-05,0.048225353059567135,0.0,150.79833769134387,0.0004219721817337516,200.0,7.67222148606821e-05,0.0008439443634675032,0.1272654071148788,23.888789782381195,4798.038938917345
0.264812,0.25829,0.066714,-0.494261,0.515505,-0.019535,0.20068,6.08,0.32,0.4618710135944597,6.0,6.0,0.086902,-0.201174,0.00045094450795735586,0.012401120666007775,7.653929337296162e-05,0.12331098049059128,0.0,137.20775893540366,0.001332379126574988,200.0,0.00024225075028636145,0.002664758253149976,0.36562550801932925,60.11289957310634,10776.159525543555,0.224794,0.219769,0.048298,-0.465887,0.476935,-0.012573,0.163892,3.9117,0.20588,0.2256329410990708,4.0,9.0,-0.317229,0.30502,0.0008673980477847905,0.007472595277422385,0.00040932974254860154,0.0995299220779071,0.0,104.22050436828793,0.0009601124729852484,100.0,0.00017456590417913606,0.0019202249459704967,0.2001268123696136,26.616421871836586,4264.649209835418
0.18447,0.180768,0.032677,-0.494261,0.279459,0.018901,0.13555,3.578,0.188313,0.2794593187100203,5.0,6.0,-0.855021,0.498116,0.006789394067423599,0.004095366777191717,0.0015482276576562295,0.07620149044235525,0.0,112.49353654973608,0.0006465553424237152,25.0,0.00011755551680431185,0.0012931106848474304,0.14546659408873866,22.839790027130654,4152.081501745224,0.242444,0.23785,0.056573,-0.465887,0.476935,0.040864,0.192153,4.493,0.236476,0.230998978046912,4.0,11.0,-0.320998,-0.33287,0.00031839744389745015,0.00810378681838116,0.0002639019103430171,0.12559667693964502,0.0,103.3849483612662,0.0011167988904296306,100.0,0.0002030543437144783,0.0022335977808592613,0.2309203912339735,28.217294910681805,4131.735645092165
0.118795,0.11604,0.013465,-0.293492,0.19808,0.02155,0.085062,2.23,0.117368,0.12377036801468745,5.0,5.0,-1.019374,0.851588,0.0012740526702460918,0.000648539427328544,0.00012288204933880663,0.05050656285800892,0.0,109.05225345642869,0.0002681325269853499,75.0,4.875136854279089e-05,0.0005362650539706998,0.058480912585438166,8.108898950595076,1299.2475463005123,0.287735,0.281206,0.079077,-0.584488,0.365839,0.011489,0.237868,5.6927,0.299617,0.318207992204065,5.0,9.0,-0.351039,-1.052935,0.012615721350564416,0.012883896619012037,0.004228499440092069,0.15825397399792873,0.0,125.31820303144956,0.0015730361249973782,125.0,0.0002860065681813415,0.0031460722499947564,0.3942601209764522,51.730501648516935,7041.003529451039
0.124212,0.121822,0.014841,-0.297557,0.204866,-0.003311,0.092874,2.3255,0.122394,0.1392896165789686,5.0,6.0,-0.523512,0.033945,0.0015270995307382703,0.000718300958096727,0.00013493904680902128,0.06214679930689607,0.0,114.79771410241425,0.000293144384777108,50.0,5.329897905038327e-05,0.000586288769554216,0.06730461054874111,9.95257438822795,1696.0712627892715,0.298528,0.291579,0.085018,-0.584488,0.38704,-0.027015,0.253035,5.6644,0.298129,0.36583898903859136,5.0,7.0,-0.270087,-1.172111,0.01144810989296827,0.013784330620397436,0.003984435800495751,0.18774566312740432,0.0,116.79193648148996,0.0016932600405447698,125.0,0.00030786546191723086,0.0033865200810895397,0.39551823820389975,52.51941734975226,7587.046377758885
0.21174,0.207116,0.042897,-0.297557,0.460455,-0.004054,0.171392,4.398,0.231476,0.2048660369017193,5.0,8.0,0.332234,-0.652101,0.005155924395839994,0.004541170088159433,0.001161613704811224,0.12724721623000984,0.0,124.42031747110549,0.0008518462782904506,75.0,0.00015488114150735466,0.0017036925565809013,0.2119739687629551,31.22722812320346,5261.57197801872,0.188589,0.184156,0.033913,-0.268773,0.38704,-0.030879,0.155659,4.3082,0.226748,0.3870403206036371,4.0,5.0,0.378204,-0.956682,0.0034871021849967035,0.002463550423381996,0.0004894275528770227,0.08666613989947591,0.0,131.22708441028786,0.0006757530445040034,100.0,0.0001228641899098188,0.0013515060890080068,0.17735420362327173,29.27146177322284,5602.010977600243
0.276865,0.270495,0.073167,-0.396781,0.460455,-0.022385,0.242273,6.1186,0.322031,0.4604545707168347,5.0,8.0,0.1133,-1.3435,0.006296022333287116,0.009101239877990183,0.0014051902585950765,0.20483756774656767,0.0,127.01364915253946,0.0014564282645646248,75.0,0.00026480513901175,0.0029128565291292497,0.36997253722250634,58.49049480191335,10862.137682214352,0.183293,0.178831,0.03198,-0.361553,0.284257,0.015051,0.152111,5.4244,0.285495,0.23679846321880893,7.0,0.0,-0.262737,-0.919591,0.002263817932764309,0.0021793669439986473,0.00032862732782946454,0.0908366307549161,0.0,188.4826635557673,0.0006383312001102017,250.0,0.00011606021820185487,0.0012766624002204035,0.24062872965504065,52.99795670822404,12414.40714642188
0.305343,0.29905,0.089431,-0.579838,0.414514,0.010209,0.255352,6.0432,0.318062,0.41451414374365975,4.0,8.0,-0.200649,-1.142771,0.01309750427606394,0.015646626105056634,0.004188389906409752,0.178569576407676,0.0,123.3397575806452,0.0017714562328084323,75.0,0.00032208295141971494,0.0035429124656168646,0.43698196463863004,66.70255450965486,11714.987954521583,0.428016,0.417286,0.174128,-0.750456,1.236576,0.01683,0.293302,9.3622,0.492747,1.236576218897368,8.0,1.0,0.841932,2.059259,0.05617572896304611,0.15101600318011976,0.12452722058239918,0.1751130161282537,1.0,156.88787172837723,0.0034807602305326306,225.0,0.0006328654964604783,0.006961520461065261,1.0921781291300803,203.0745471767267,41600.36082867378
0.297965,0.29044,0.084355,-0.579838,0.501789,0.027237,0.224551,5.4579,0.287258,0.38267415568219715,4.0,5.0,-0.508591,-0.619676,0.013312269121448495,0.017107312885160077,0.0040958954900753184,0.1128857391156744,0.0,115.66282024011142,0.0016868748428077551,75.0,0.0003067045168741373,0.0033737496856155102,0.3902174034224792,55.58106974246787,9399.030860760135,0.456516,0.445,0.198025,-0.750456,1.236576,0.032271,0.341949,9.2649,0.487628,1.236576218897368,6.0,5.0,0.602856,0.952721,0.0568120457748703,0.15631188633624155,0.12385137070669187,0.23228633329711504,1.0,141.17927331637955,0.00395972974336341,75.0,0.000719950862429711,0.00791945948672682,1.1180635353946007,194.9115774100094,38995.045105446356
0.264121,0.258077,0.066604,-0.480567,0.501789,0.014379,0.189404,5.2707,0.277408,0.5017887990792722,4.0,6.0,-0.225111,-0.238147,0.00021274612150545217,0.011982131004076147,1.0209773862897344e-06,0.0900200697762777,0.0,117.63378985651181,0.0013254353138566013,100.0,0.00024098823888301843,0.0026508706277132026,0.31183195835721444,43.85233433593789,7124.535396104855,0.331468,0.323515,0.104662,-0.570033,0.634254,0.069225,0.272737,6.2747,0.330246,0.336387204529361,4.0,7.0,-0.20544,-0.803682,0.0016463886601602589,0.0236392092126781,0.00028348566471713,0.20934794484839978,0.0,96.76225613558773,0.002087555116693587,75.0,0.0003795554757624704,0.004175110233387174,0.40399308579732324,51.84545721671263,8345.668098449296
0.198134,0.193248,0.037345,-0.480567,0.454527,0.00457,0.13382,3.6864,0.194021,0.45452743480452845,4.0,10.0,-0.002801,1.052144,0.0008152580561196735,0.005647832564623217,0.0002740270108125958,0.07467059684544171,0.0,127.40255370487444,0.0007458848075109353,150.0,0.00013561541954744278,0.0014917696150218707,0.19005525849312374,28.260467852602527,4600.3490371560165,0.28506,0.278323,0.077464,-0.570033,0.634254,-0.019929,0.220567,5.4255,0.28555,0.3083212862591158,5.0,6.0,0.133345,-0.036997,0.0009331912163677489,0.017594179999366404,0.0011914248415824894,0.1518963919421926,0.0,124.31766607093695,0.001543924644343258,75.0,0.0002807135716987742,0.003087849288686516,0.38387421674831046,59.79398215427532,10870.842879487922
0.245091,0.238936,0.057091,-0.482931,0.549794,0.02575,0.178205,4.6996,0.247348,0.5497942064445556,4.0,7.0,0.324135,0.3397,0.005265479059656889,0.010971649498013686,0.0021840684077742336,0.1161576951774687,0.0,126.54197326890927,0.00114132174268348,100.0,0.00020751304412426912,0.00228264348536696,0.28885021090775576,46.67051168470694,8739.744832163467,0.188994,0.18603,0.034607,-0.31148,0.272555,0.030804,0.164099,3.6657,0.19293,0.24591415662751578,5.0,6.0,-0.180803,-1.299253,0.0015315205675779163,0.001978675828717399,5.933300348282941e-05,0.12471291558423926,0.0,115.5827618944176,0.0006786527020666239,125.0,0.0001233914003757498,0.0013573054041332478,0.15688110734393942,25.44543027424622,4830.220218945818
0.446501,0.436154,0.19023,-0.819895,0.738611,0.051735,0.354016,10.265,0.540264,0.5497942064445556,5.0,6.0,-0.253132,-0.624282,0.0044189386382624,0.08375618055298595,0.013453341655206997,0.24800064661237006,1.0,137.49226122029202,0.0037879036052670075,150.0,0.0006887097464121832,0.007575807210534015,1.0416148639453147,154.3963881028414,24197.966059302536,0.210499,0.20569,0.042308,-0.413786,0.272555,0.07274,0.173773,3.5127,0.184881,0.2725551307818323,4.0,7.0,-0.639158,-0.736757,0.003670544913483636,0.0037415353061346543,0.0008039121816924421,0.10694273746440125,0.0,95.67890158068583,0.0008418890465426558,50.0,0.00015307073573502832,0.0016837780930853115,0.1611020384520244,19.731163168851868,2840.0248006717197
0.50351,0.49084,0.240924,-0.995906,0.738611,0.041412,0.40226,11.1203,0.585279,0.7386108439969299,5.0,9.0,-0.378257,-0.746246,0.051089849104702975,0.1324249713168805,0.06173031771124785,0.2758496390550549,1.0,115.62671078008444,0.00481692258210567,125.0,0.0008758041058373945,0.00963384516421134,1.1139298285023795,140.2472140602373,18807.17639970571,0.406416,0.399457,0.159566,-0.981607,0.51684,0.047092,0.304725,9.711,0.511103,0.4227896147273276,5.0,6.0,-0.825354,-0.036678,0.07567767785623532,0.08603329189080414,0.06738942001677936,0.1650615829345222,1.0,186.10780047022857,0.003138298432344473,225.0,0.0005705997149717223,0.006276596864688946,1.1681236369255925,248.74986919210951,55966.98071623324
0.336844,0.328675,0.108027,-0.995906,0.565667,0.052407,0.23459,6.3941,0.336531,0.40991708493147627,4.0,8.0,-1.008187,1.921886,0.04065649421167047,0.059534596807637674,0.046051881815444506,0.15299227822121536,0.0,105.08192019778973,0.0021558095287946217,100.0,0.00039196536887174937,0.004311619057589243,0.4530732097328622,55.89463999598034,7871.979764691786,0.43807,0.42698,0.182312,-0.981607,0.51684,0.093919,0.342765,12.2396,0.644191,0.4227896147273276,7.0,3.0,-0.883756,-0.229783,0.06955068350104755,0.09245649179139184,0.06733792801087064,0.24436226721156465,1.0,192.11507405738047,0.0036461991989924563,225.0,0.0006629453089077194,0.007292398397984913,1.4009796582847942,302.608120006641,68107.47596229945
0.158551,0.154586,0.023897,-0.413183,0.216405,0.037162,0.126487,3.2435,0.170713,0.12966483329019055,5.0,7.0,-0.888451,0.267531,0.0035615491606842617,0.001917505417985631,0.0006152270169767688,0.09883643408523275,0.0,118.28488423714477,0.0004776270699307527,50.0,8.684128544195504e-05,0.0009552541398615054,0.11299212535057146,17.461031066233197,3058.8055793107637,0.298782,0.291319,0.084867,-0.547198,0.45234,-0.042005,0.240708,6.2098,0.326829,0.33606559221988275,4.0,5.0,0.069579,-0.872789,0.0002442708362295137,0.01527677662593414,0.001014447154330482,0.1548616537081694,0.0,133.41599884577118,0.001696147269245674,125.0,0.00030839041259012257,0.003392294538491348,0.4525863642318776,70.10983266995046,11961.166416297652
0.288282,0.281438,0.079207,-0.618474,0.562091,0.040661,0.22537,5.7634,0.303336,0.5620913037988648,4.0,10.0,-0.289003,-0.209032,0.002617982051192782,0.01710802095376347,0.0016986787224830934,0.15954373283215106,0.0,109.33567647014375,0.001579026862199085,125.0,0.0002870957931271064,0.00315805372439817,0.34528794028613086,44.748844217255304,6516.033072105387,0.25287,0.247138,0.061077,-0.481821,0.45234,-0.025125,0.199654,3.7299,0.196312,0.4523397524731901,2.0,5.0,-0.006196,-0.504043,0.0034157334624043993,0.009337881568354535,0.001048486719839258,0.12743246863866123,0.0,91.87125221762763,0.0012149200262481948,50.0,0.0002208945502269445,0.0024298400524963896,0.22323244831138936,26.32847039116651,3759.671214546222
0.379396,0.369831,0.136775,-1.034374,0.562091,0.041952,0.280534,6.9958,0.368202,0.5620913037988648,4.0,12.0,-1.001871,1.092829,0.048406459468750974,0.07544309517194091,0.05914755909719606,0.186252349289492,0.0,102.85052918640058,0.002734890585635307,100.0,0.000497252833751874,0.005469781171270614,0.5625698879989927,76.47969649647375,12771.58126378819,0.178645,0.176416,0.031123,-0.469108,0.329091,0.056691,0.137682,3.4544,0.181809,0.18538813735836313,3.0,5.0,-0.842352,1.205214,0.0018441579849471565,0.003507896203250411,0.000865636208223591,0.09288037908988213,0.0,102.93091878697722,0.0006063651497205816,50.0,0.00011024820904010575,0.0012127302994411632,0.12482744396228494,17.78636983103805,2980.808197776212
0.306536,0.298964,0.089379,-1.034374,0.45974,-0.010861,0.198337,4.322,0.227476,0.45974023305114836,5.0,10.0,-1.676857,4.424132,0.047572049395029216,0.061122137996762096,0.057838123506814845,0.11146941241490255,0.0,117.01906875886515,0.0017853244947338134,75.0,0.00032460445358796605,0.003570648989467627,0.41783401961228456,66.74656011589946,12381.337295714171,0.212424,0.207063,0.042875,-0.435993,0.458446,0.016908,0.162073,4.4166,0.232455,0.24194663122432808,5.0,5.0,-0.106948,0.083014,0.0006015971231871031,0.005657064461610898,7.630834089477666e-05,0.10763722772094701,0.0,136.7128552357127,0.0008573523727669015,100.0,0.00015588224959398207,0.001714704745533803,0.2344221816481524,37.80452344040902,6906.921756839958
0.178073,0.174284,0.030375,-0.35522,0.340345,0.003647,0.136324,3.54,0.186318,0.22620495642468605,4.0,6.0,-0.115515,-0.446918,0.002038420599066142,0.00240046867212272,0.00020953614007177077,0.08418074273282379,0.0,130.27274270318614,0.0006024894443659961,125.0,0.00010954353533927202,0.0012049788887319923,0.156975904734554,24.73154851678632,4378.690052296597,0.299827,0.293276,0.086011,-0.435993,0.458446,0.072042,0.265945,5.2683,0.27728,0.45844563522183346,4.0,8.0,-0.074668,-1.419959,0.004476059352358948,0.011652537844376532,0.0009476734446428254,0.22962520346637458,0.0,110.67897710603309,0.0017080320251920214,100.0,0.00031055127730764023,0.0034160640503840428,0.37808647482519814,53.15115075224796,9040.827638090383
0.378222,0.36865,0.135903,-0.910618,0.611991,0.03432,0.272587,5.5334,0.291229,0.3952468126388197,3.0,7.0,-0.503914,0.289815,0.024471900646532853,0.06056990573778635,0.027691961167996104,0.15885160205645546,0.0,105.47593782804437,0.00271799096050593,125.0,0.0004941801746374419,0.00543598192101186,0.5733652911350201,66.38964146149404,8312.261126401389,0.298593,0.291373,0.084898,-0.699435,0.427783,-0.055776,0.247382,4.7279,0.248839,0.38738760690601814,4.0,12.0,-0.324201,-0.480387,0.01157235788929399,0.018626814306074217,0.007312547648628938,0.19838203322864204,0.0,102.24255568282032,0.0016939989548972174,75.0,0.00030799980998131226,0.003387997909794435,0.3463975649454364,45.727177133633866,7057.374959824284
0.400953,0.3908,0.152725,-0.910618,0.611991,-0.020817,0.295814,7.4892,0.394171,0.3952468126388197,3.0,8.0,-0.321689,-0.141675,0.01926118281896883,0.06668046740245394,0.026194529139964857,0.17535866646185252,1.0,113.05218755320475,0.003054499503431576,75.0,0.0005553635460784684,0.006108999006863152,0.6906357014862345,93.61039153320036,14892.006144217794,0.243787,0.238505,0.056885,-0.699435,0.394886,-0.063696,0.185286,3.9654,0.208708,0.3948856766953199,3.0,11.0,-0.67085,1.311466,0.01249762882978055,0.014629390087488087,0.007655669483135926,0.1434694150142286,0.0,90.32658798507308,0.0011292062171947015,75.0,0.00020531022130812753,0.002258412434389403,0.2039946894614575,23.707351173557456,3408.1444469471726
0.228451,0.222668,0.049581,-0.48586,0.547787,0.017153,0.172658,4.365,0.229734,0.5477868417349607,3.0,9.0,0.261473,0.425126,0.003006062067609443,0.008429092006320473,0.0011825315492194099,0.11697477169138583,0.0,137.9109852323546,0.0009916038257460416,100.0,0.00018029160468109847,0.0019832076514920832,0.2735061211376173,46.73956757259374,9106.13708584034,0.26435,0.260629,0.067928,-0.384626,0.597954,-0.022012,0.215587,4.58,0.241051,0.244623969873908,4.0,9.0,0.348221,-0.720264,0.013833795754195416,0.011598493328053513,0.004244926446552574,0.16005793424967207,0.0,97.49223212489272,0.0013277421372616422,75.0,0.00024140766132029859,0.0026554842745232844,0.2588890892958264,31.962060297045824,4859.296083144072
0.156227,0.152343,0.023208,-0.243801,0.276972,0.012794,0.124848,2.7535,0.144922,0.27697248552766124,5.0,10.0,0.090937,-0.922997,0.0006454532406343225,0.0011256408064637484,7.914918235429875e-05,0.07838890854558316,0.0,109.52182038597861,0.0004637308423612996,75.0,8.431469861114538e-05,0.0009274616847225992,0.10157729204906564,13.525400051517538,2091.833941559894,0.342125,0.333571,0.111269,-0.661902,0.597954,0.026395,0.275928,6.9186,0.364137,0.3314665835030153,5.0,9.0,-0.125564,-0.795626,0.0018158811972925838,0.02714637143435154,0.0026045413440808326,0.1902613382629303,0.0,124.1918148690918,0.002223938521184201,125.0,0.0004043524583971274,0.004447877042368402,0.5523899222063001,80.45310954142816,13132.91803745239
0.219707,0.215386,0.046391,-0.349992,0.493964,-0.042597,0.173752,4.4517,0.2343,0.4939643160803839,5.0,8.0,0.750055,-0.075536,0.004175541655245863,0.005616468238875934,0.0014491284150159518,0.10521675958114673,0.0,125.56229234204665,0.0009171531936700948,150.0,0.00016675512612183543,0.0018343063873401896,0.23031971485209235,33.571762291078414,5357.683148658575,0.366884,0.357625,0.127896,-0.661902,0.468643,0.07142,0.30347,9.0178,0.474621,0.46864309578906116,5.0,6.0,-0.419706,-0.963801,0.01738841716379152,0.032951222503303484,0.01003586768851804,0.23199831959029252,1.0,154.2061931124785,0.002557468094245731,200.0,0.00046499419895376924,0.005114936188491462,0.7887548376405191,137.9892120176037,25750.734412457175
0.216352,0.21102,0.04453,-0.349992,0.493964,0.020759,0.166007,4.3305,0.22792,0.22502197713467345,5.0,6.0,0.429967,-0.264401,0.005082892993492962,0.005552844562772345,0.001483233609306318,0.10484244572033408,0.0,137.71239547316378,0.0008893520989594123,150.0,0.00016170038162898406,0.0017787041979188247,0.24494961593357378,38.19609257704534,6442.342167244693,0.293312,0.289103,0.08358,-0.627167,0.462338,-0.070587,0.233977,6.8334,0.359653,0.44555062435674064,4.0,6.0,-0.05727,-0.498537,0.01196362814413674,0.017850237345443533,0.004816191887149707,0.17420179222758228,0.0,151.5840820763736,0.001634607895493701,175.0,0.0002972014355443093,0.003269215790987402,0.4955610747864109,86.49589399210485,15941.197598847964
0.219778,0.215254,0.046334,-0.321227,0.457156,0.020759,0.173443,3.8687,0.203614,0.18729323190851832,3.0,4.0,0.286888,-0.624323,9.926265566409502e-05,0.00488711396231956,0.0005507551683927621,0.10968024782636206,0.0,123.41068515726413,0.0009177461367504106,75.0,0.0001668629339546201,0.0018354922735008211,0.22651935907360077,35.913319392849274,6464.734417272775,0.193365,0.188567,0.035557,-0.439252,0.334808,-0.037772,0.14915,3.2555,0.171345,0.29107278358952726,4.0,7.0,-0.199798,-0.095194,0.0019861915880855048,0.003705438617403657,0.0006142402190416742,0.10427794380544535,0.0,88.91954284506177,0.0007104080553519648,75.0,0.0001291651009730845,0.0014208161107039296,0.1263383190306921,14.990694745349693,2113.3474925991577
0.303816,0.296432,0.087872,-0.512203,0.590713,-0.039213,0.255272,5.677,0.29879,0.2983603227132833,3.0,8.0,0.3191,-0.927879,0.004722796893899322,0.015580991351361146,0.0024839077850256934,0.19030595436783468,0.0,135.12749366088067,0.0017537738909101847,75.0,0.00031886798016548813,0.0035075477818203695,0.473966140653168,74.40119917848848,12993.070715431966,0.231824,0.226191,0.051162,-0.547862,0.334808,0.028834,0.181453,4.0798,0.214727,0.33480798616163887,4.0,8.0,-0.639425,-0.185274,0.008961545518208077,0.0076748693427321655,0.0027233975825795417,0.12776691735569756,0.0,92.0595873340617,0.001021104343513682,75.0,0.00018565533518430583,0.002042208687027364,0.1880048889777751,21.056409266703756,2748.610619968179
0.271096,0.265297,0.070383,-0.512203,0.590713,-0.022003,0.201041,5.2683,0.277281,0.3321007280049242,3.0,12.0,0.103952,-0.257668,0.006906041729541163,0.013786633343124197,0.0024367014371750742,0.10471487752718746,0.0,121.15181796924128,0.001396367746948131,100.0,0.0002538850448996602,0.002792735493896262,0.3383449821927591,46.878878772440395,7404.302266535298,0.337847,0.329943,0.108863,-0.547862,0.629408,0.028268,0.294756,6.5451,0.344481,0.29956101359331366,4.0,9.0,0.124982,-1.149117,0.002284787231514758,0.021671937844096878,0.0012864437511458326,0.2513220188104729,0.0,107.57043933027053,0.002168669576695008,100.0,0.00039430355939909235,0.004337339153390016,0.46656947825454764,59.037117523283825,8428.429074734295
0.284865,0.278091,0.077335,-0.50326,0.427622,-0.037232,0.227419,5.584,0.293896,0.28084184988423017,3.0,10.0,0.130411,-0.994122,0.0008267471590741534,0.011859333756042974,0.0004163558739248359,0.133364613564339,0.0,112.39337395227508,0.0015418082482646185,100.0,0.0002803287724117488,0.003083616496529237,0.3465780620198149,43.69452243093648,6176.763237605628,0.368879,0.364508,0.132866,-0.502058,0.807978,0.123164,0.312447,8.0978,0.426202,0.3600803070005954,4.0,7.0,0.144995,-0.82624,0.03021817095697683,0.04074489507613992,0.019843797158655228,0.23874120654315253,1.0,139.92170753497123,0.0025853571953393557,200.0,0.0004700649446071556,0.0051707143906787115,0.7234951867194137,125.9848849739631,24261.666896038012
0.340768,0.332486,0.110547,-0.505335,0.792134,-0.108438,0.279349,7.0769,0.372471,0.4185596476137495,5.0,10.0,0.533853,-0.249362,0.014529854147106799,0.03243871383188888,0.012944932283328714,0.22432427217892117,0.0,126.62455911016981,0.002206327804263352,125.0,0.00040115050986606405,0.004412655608526704,0.558750570934712,78.1587815048607,11748.255980604657,0.310438,0.302578,0.091553,-0.502058,0.807978,-0.000855,0.227677,7.7935,0.410186,0.2808941454552144,6.0,8.0,0.511155,0.604457,0.014275002455715646,0.030236387942850884,0.014192529448352443,0.13583552701895293,1.0,162.05616954593367,0.0018310658051839724,225.0,0.00033292105548799497,0.003662131610367945,0.5934710211493108,109.68681047393514,21936.42663941278
0.286386,0.2849,0.081168,-0.505335,0.792134,0.045926,0.220365,4.1487,0.21835,0.2779103482539787,3.0,10.0,0.454507,0.663263,0.023399645026007894,0.026024794255539364,0.014644087885161644,0.14704239268338787,0.0,86.3714895693321,0.001558321068685075,50.0,0.0002833311033972864,0.00311664213737015,0.26918902385920684,32.64762295192914,5086.612022613573,0.289311,0.282259,0.07967,-0.508818,0.449784,0.019057,0.235639,6.2266,0.327714,0.3405709509988809,4.0,8.0,-0.230172,-1.060545,0.008124873662121702,0.012592621978161767,0.002246176135698168,0.16241189987661414,0.0,110.24317641279768,0.0015903160792719577,75.0,0.00028914837804944687,0.0031806321585439155,0.35064299215857436,47.41025196590365,7420.541139038415
0.283535,0.277133,0.076803,-0.4545,0.441698,-0.015396,0.236364,5.9799,0.31473,0.2779103482539787,4.0,8.0,-0.092453,-1.188978,0.002810148089163159,0.010598670192688736,0.00014011976976888177,0.1632797563091324,0.0,126.31904146614747,0.0015274480451892846,125.0,0.00027771782639805174,0.0030548960903785693,0.3858915459153023,55.79328385798281,8871.72232338384,0.256313,0.249839,0.062419,-0.508818,0.449784,0.038191,0.199149,4.5211,0.237951,0.44978386351135663,3.0,8.0,-0.371287,-0.4946,0.005265371114200342,0.009697194028449435,0.0014700493713413166,0.14093787378353897,0.0,101.00220290541259,0.0012482302134424542,100.0,0.00022695094789862804,0.0024964604268849083,0.25214800258156245,31.066714207465502,4545.274677918225
0.416863,0.40631,0.165088,-0.866439,0.784903,-0.082555,0.348054,8.1643,0.429698,0.350601865587722,5.0,9.0,-0.03624,-0.650906,0.00314701402806193,0.06403678312786014,0.007924252516577718,0.28136349449581394,1.0,122.89671408776067,0.003301717105277318,125.0,0.0006003122009595124,0.006603434210554636,0.8115403661718708,112.70855837284103,17470.925852123844,0.171035,0.167635,0.028101,-0.412818,0.308303,-0.01986,0.133883,3.4256,0.180297,0.1554107313005438,4.0,7.0,-0.250915,0.073877,0.002638691262129475,0.0025079540951011264,0.0005213774527732956,0.10025684677275255,0.0,128.16419801007797,0.0005558034943356566,125.0,0.0001010551807883012,0.0011116069886713132,0.1424682182054567,20.831038825416268,3366.6938493969164
0.487358,0.475058,0.22568,-0.866439,0.784903,-0.058822,0.402097,9.4885,0.499396,0.7849027697314793,4.0,11.0,-0.253965,-0.906299,0.023051023362833923,0.10598012205939603,0.02724364658920042,0.3085733952033303,1.0,106.57670083827104,0.004512842496589607,100.0,0.0008205168175617467,0.009025684993179213,0.9619277293785333,116.99897281049132,16490.10455021902,0.200264,0.195718,0.038305,-0.320587,0.3088,-0.024681,0.170382,3.6482,0.192009,0.22496176381015143,3.0,5.0,0.090728,-1.17375,0.0009644949846288186,0.0026593341704331556,9.198058459703189e-05,0.13142334431368827,0.0,131.8034960579397,0.000762011231467718,75.0,0.00013854749663049418,0.001524022462935436,0.20087148868572227,33.43104556902112,6519.921993070794
0.379151,0.369755,0.136719,-0.826197,0.597705,0.034848,0.294087,6.2466,0.328769,0.5977050282547329,4.0,12.0,-0.357099,-0.255087,0.023058695681374045,0.052204451178539925,0.0199311481174801,0.20051629600887638,0.0,102.89314515127388,0.002731359528908245,100.0,0.0004966108234378627,0.00546271905781649,0.5620763449365422,65.57514416638857,8620.132940951624,0.300127,0.292559,0.085591,-0.610302,0.499158,0.026128,0.254895,5.2349,0.275519,0.30880022883979397,3.0,8.0,-0.136977,-0.900707,0.004536207888040961,0.015441009223180873,0.0023725211591717277,0.20169941424808124,0.0,111.12978349507912,0.0017114445120207683,75.0,0.0003111717294583215,0.0034228890240415367,0.38038491616941866,54.19891994075661,9616.434291037693
0.252288,0.246797,0.060909,-0.482459,0.554842,0.006158,0.191109,4.8837,0.257036,0.3646959605407716,3.0,10.0,0.254964,-0.059337,3.2829105757024164e-05,0.010593482396423371,0.0010045490524355314,0.10999641119143187,0.0,114.49698867351168,0.0012093348969804628,75.0,0.00021987907217826597,0.0024186697939609257,0.27693040800410895,42.38937517575246,7966.693114112449,0.411526,0.401284,0.161029,-0.610302,0.81287,-0.078322,0.355036,7.6305,0.401605,0.8128699976483174,3.0,11.0,0.198584,-1.064127,0.01858557698560212,0.050859283817733095,0.014071323484061968,0.29418138183406484,1.0,118.70406181563754,0.0032177187301367528,75.0,0.0005850397691157732,0.0064354374602735055,0.7639125660949757,110.1665404969793,18630.23486646604
0.246251,0.240566,0.057872,-0.482459,0.554842,-0.009892,0.179081,5.2284,0.275179,0.5548423773204363,4.0,8.0,0.125144,0.26688,0.0010847196951789065,0.01082051672227474,0.0005906544343570521,0.09465535685418884,0.0,111.15528498699861,0.0011521521423655,75.0,0.0002094822077028182,0.002304304284731,0.2561355994660363,34.9872941165025,5752.683965867338,0.34127,0.332795,0.110752,-0.590076,0.81287,-0.019015,0.264866,5.5609,0.292679,0.5588831509351018,4.0,8.0,0.500994,0.003529,0.021920755834731877,0.03761491517633846,0.01633321910218864,0.17746882927742247,0.0,122.03706554693547,0.002212843463184605,75.0,0.00040233517512447365,0.00442568692636921,0.5400978455235347,80.262291376674,13960.379787421556
0.20942,0.205479,0.042222,-0.419548,0.363562,0.05063,0.167887,5.1037,0.268615,0.343974378434511,5.0,7.0,-0.459494,-0.232304,0.0009425926274102437,0.004574979987811442,0.0004573176696293121,0.11753433914909889,0.0,137.1625492301952,0.0008332779179735236,150.0,0.0001515050759951861,0.0016665558359470472,0.22858904689295595,35.83591864085769,6084.106794866152,0.174527,0.170232,0.028979,-0.251991,0.281995,0.008288,0.144182,3.5088,0.184674,0.27356651851533764,5.0,5.0,0.143887,-1.15987,0.0012725345432434212,0.0015665311258466603,0.00014147980601026986,0.09635871825758249,0.0,121.2624872586192,0.0005787327648333778,75.0,0.00010522413906061415,0.0011574655296667557,0.14035714904350588,21.908737216661798,4036.7466493431084
0.196373,0.191407,0.036637,-0.383105,0.363562,0.005143,0.160459,4.6162,0.242956,0.3635621038964564,6.0,8.0,0.058135,-0.704745,0.0005881993017303958,0.0030836406718479136,1.0063142504902493e-05,0.12210490588261244,0.0,156.4021059713357,0.0007326825066845315,125.0,0.00013321500121536936,0.001465365013369063,0.22918617410763592,40.5344361086709,7861.625458587432,0.228765,0.222996,0.049727,-0.307063,0.457203,0.007831,0.182479,4.4994,0.236811,0.2819947482074039,4.0,6.0,0.429663,-0.79386,0.005249633369930987,0.005518337188637904,0.0012905927361530603,0.11926400763203843,0.0,117.63812161775151,0.0009943319945501174,125.0,0.00018078763537274862,0.0019886639891002348,0.23394269620661629,32.35232045734483,4943.876186032647
0.1959,0.191153,0.036539,-0.312229,0.394871,-0.055391,0.158902,4.6217,0.243247,0.2464094410636839,5.0,8.0,0.443785,-0.660312,0.002103227663427314,0.0030163346894455994,0.00040057465311905006,0.11931950488809216,0.0,136.49440414246362,0.0007291625941247288,100.0,0.00013257501711358706,0.0014583251882494576,0.19905322761605582,31.838420360557244,5711.708692911457,0.350661,0.341991,0.116958,-0.831806,0.59021,-0.085733,0.273939,6.8021,0.358007,0.45720288182030017,4.0,6.0,-0.097488,-0.019614,0.008087949479238505,0.040956079626457725,0.012731506884442873,0.19923130191593272,0.0,108.27709137634041,0.0023362932329208585,75.0,0.00042478058780379244,0.004672586465841717,0.5059340717257951,67.60377180984013,10752.394239814805
0.334194,0.329586,0.108627,-0.696349,0.394871,-0.055391,0.263121,7.6326,0.401714,0.3948707483963674,5.0,8.0,-0.565923,-0.533852,0.03568063138269502,0.03330800268284036,0.018065539260646996,0.1950527885765287,0.0,130.8761990631107,0.002122030445244447,75.0,0.00038582371731717217,0.004244060890488894,0.5554465579395873,90.91635335461666,17160.121249744545,0.338613,0.330222,0.109047,-0.831806,0.59021,-0.015255,0.248837,7.2776,0.383031,0.5902101986186331,5.0,5.0,-0.246283,0.549661,0.005261296837672258,0.041805836407340716,0.011432991741949205,0.16477777755831913,0.0,114.24490544653305,0.0021785153423276265,100.0,0.000396093698605023,0.004357030684655253,0.49776855859608254,75.47094119446591,13750.275622991634
0.358512,0.350021,0.122514,-0.696349,0.595287,0.108026,0.283144,8.1343,0.42812,0.3619735805926846,5.0,6.0,-0.72325,-0.244073,0.023432559500505927,0.03889028046595203,0.014266316424141806,0.20564070581893906,1.0,131.83575692130705,0.002442086723630392,200.0,0.0004440157679327986,0.004884173447260784,0.6439087033545751,103.4830861185626,18847.68029125976,0.23132,0.226123,0.051132,-0.378465,0.555291,0.001958,0.178464,3.9614,0.208496,0.5552914880651357,3.0,5.0,0.263403,-0.117104,0.005657694429304173,0.007749128373423418,0.002245845014083123,0.11253120547073607,0.0,103.91019419331198,0.0010166698816480634,75.0,0.00018484906939055697,0.0020333397632961267,0.21128472966508355,32.10879492262933,5896.656097786335
0.382409,0.376312,0.141611,-0.75253,0.930624,0.085367,0.298138,7.139,0.375735,0.9306243276419749,4.0,9.0,0.128365,0.222483,0.028385583313433316,0.06581824044833552,0.02611102246078892,0.21146775508300417,0.0,93.62803064717725,0.002778497603723432,75.0,0.0005051813824951695,0.005556995207446864,0.5202905175890521,57.68500149343872,7750.636515561495,0.187498,0.182889,0.033448,-0.378465,0.33622,-0.013232,0.142085,2.9195,0.153657,0.24331210913632165,4.0,4.0,-0.153733,-0.568686,0.00165158042874462,0.002748781738762691,0.0002522467550184547,0.08147145365227644,0.0,109.49655491029203,0.0006679571023933613,75.0,0.00012144674588970206,0.0013359142047867226,0.1462780030798685,22.163351948846174,4086.011270827705
0.388775,0.378946,0.1436,-0.75253,0.930624,0.082984,0.30136,7.1975,0.378814,0.9306243276419749,4.0,10.0,0.156798,0.262203,0.007085236986693609,0.06715439632451611,0.01829609874039674,0.22704284508827938,0.0,99.16923667804804,0.0028717758518482786,75.0,0.0005221410639724143,0.005743551703696557,0.56958363827649,64.77498846104848,8534.103658255708,0.229373,0.223684,0.050034,-0.470178,0.368984,-0.004207,0.167998,4.4232,0.2328,0.238320429058826,5.0,5.0,-0.431626,-0.403963,0.005913398702250017,0.006641381591075517,0.0015451246157342296,0.07947295831832661,0.0,119.07303117926732,0.0009996304827702028,100.0,0.0001817509968673096,0.0019992609655404055,0.23805806328528478,34.01029264218029,5624.964523901237
0.234975,0.230337,0.053055,-0.613475,0.422661,-0.018059,0.180116,3.6126,0.190137,0.4226605463985891,3.0,11.0,-0.625321,0.560311,0.011388516417648483,0.01072278521499193,0.004325288385658603,0.11834502757330781,0.0,95.0632818059291,0.0010490561619030969,100.0,0.00019073748398238126,0.0020981123238061937,0.19945344309848095,22.845588125246024,2995.390019409684,0.257239,0.250765,0.062883,-0.470178,0.507973,-0.013605,0.194621,5.1681,0.272007,0.29810591488897226,6.0,6.0,0.007192,-0.479377,0.0007279386195353321,0.009966509611827209,6.730705284433877e-05,0.10531467082174019,0.0,126.69313411957854,0.0012572686538126442,75.0,0.00022859430069320803,0.0025145373076252884,0.3185746123636546,50.01474485608234,9049.865240616264
0.27807,0.271481,0.073702,-0.726104,0.521464,-0.018059,0.193457,4.9828,0.262253,0.5214639071234957,4.0,9.0,-0.323744,0.978494,0.009899692656679452,0.021979280065745767,0.00769708571762943,0.0955653253596403,0.0,132.89382389073347,0.0014691334974683487,125.0,0.00026711518135788157,0.0029382669949366974,0.39047753656907214,55.291152538792396,8240.675123666908,0.210417,0.205188,0.042102,-0.383392,0.507973,-0.008697,0.157609,4.5244,0.238125,0.5079726417865474,6.0,8.0,0.31556,0.191877,0.0035276718209213713,0.005726740726895525,0.001292144390035059,0.10378334436887005,0.0,142.63322673785916,0.0008412300254176968,200.0,0.0001529509137123085,0.0016824600508353936,0.23997470590819475,39.153774188112955,6877.059338218984
0.413249,0.403305,0.162655,-0.875712,0.577282,0.024613,0.327635,8.8537,0.465982,0.5214639071234957,5.0,7.0,-0.491635,-0.463843,0.02215076065692229,0.06452949675170479,0.027040979060369525,0.2041069579790662,1.0,132.57527944513893,0.003244714103550934,150.0,0.0005899480188274425,0.006489428207101868,0.860337757995697,127.32573962090524,20479.37896921245,0.227321,0.221731,0.049164,-0.383392,0.503722,-0.010779,0.178484,4.2408,0.223202,0.31039437182098617,3.0,9.0,0.145227,-0.367411,0.0028402457837570557,0.006420028623702524,0.0010485787124233001,0.12473870880750636,0.0,116.15081200809304,0.0009818246091157774,125.0,0.0001785135652937777,0.001963649218231555,0.22807945119665218,32.70757187349867,5514.5961489932515
0.449038,0.438093,0.191925,-0.875712,0.702778,-0.010222,0.362565,10.1198,0.532619,0.5361662589009263,5.0,9.0,-0.324305,-0.704792,0.016096023098638397,0.08254711205472842,0.02528049884020244,0.22029922973025548,1.0,121.18387200351258,0.003831064037707562,125.0,0.0006965570977650112,0.007662128075415124,0.9285263479656265,123.00423192050123,17595.02963379294,0.271641,0.264809,0.070124,-0.350412,0.527911,-0.033482,0.215037,5.8389,0.307309,0.5037218987434213,4.0,9.0,0.492218,-0.699953,0.008095346729775904,0.011131883082574777,0.0030663816424069588,0.12807037270798213,0.0,117.89777184816768,0.0014019908264968598,125.0,0.00025490742299942907,0.0028039816529937195,0.33058318919110163,44.73589629046499,6887.393507774826
0.433532,0.423371,0.179243,-0.796859,1.024577,0.003306,0.301101,8.0971,0.426166,0.7027779427672252,5.0,8.0,0.253349,0.240863,0.033205288755270526,0.10607084895740704,0.04362491760649131,0.12906813351992424,1.0,132.56069594637665,0.0035710563042850676,75.0,0.0006492829644154668,0.007142112608570135,0.9467634179194486,148.14566907021756,25823.026462330563,0.303724,0.297191,0.088322,-0.386084,0.527911,-0.094928,0.25617,6.5946,0.347084,0.35434967373157156,4.0,7.0,0.600868,-1.018686,0.008680187757511042,0.013943990596564902,0.0035534459430876146,0.15775539273271366,0.0,120.05711181924762,0.0017527130324733607,125.0,0.0003186750968133383,0.0035054260649467215,0.4208513290534137,57.3875911333852,8867.55274959028
0.385356,0.376308,0.141608,-0.64426,1.024577,0.015397,0.273658,8.2667,0.435091,1.0245772742620634,4.0,6.0,0.542593,1.138258,0.01896553667684827,0.08015558903130049,0.042937178840376365,0.16020278218596393,1.0,151.76689790791085,0.002821487157374918,225.0,0.0005129976649772578,0.005642974314749836,0.8564167067236015,153.0612975638307,29723.16853196978,0.324604,0.316788,0.100355,-0.470143,0.524506,0.02957,0.290321,6.6689,0.350996,0.3856268369530964,4.0,5.0,-0.007669,-1.469241,0.004558967944343737,0.015475893443188834,0.0011640482016846629,0.24784559173598023,0.0,121.70591810039105,0.0020019884091434285,75.0,0.00036399789257153244,0.004003976818286857,0.48730767472228453,76.0143059824929,13920.53717300632
0.434884,0.426325,0.181753,-0.894489,0.733843,-0.117818,0.349842,9.7952,0.515538,0.36391109840182134,5.0,6.0,-0.027683,-0.65056,0.026818321753395453,0.07847889580730748,0.02246554435170184,0.2644898002555949,1.0,122.95464880510283,0.003593358410053978,125.0,0.0006533378927370869,0.007186716820107956,0.883640242678099,120.43736268236214,17893.985044733887,0.275896,0.269434,0.072594,-0.470143,0.418936,0.020165,0.223918,6.384,0.335998,0.4189360792581401,5.0,6.0,-0.357528,-0.871018,0.0033056204646025955,0.010788177890808727,0.0013909712511710921,0.1608470759772265,0.0,148.20301397931476,0.0014462519126737716,75.0,0.00026295489321341304,0.002892503825347543,0.4286777848632034,83.00692876388518,17910.295154441257
0.412512,0.402067,0.161658,-0.894489,0.733843,-0.010142,0.32182,8.2526,0.434346,0.7338425812014675,5.0,8.0,-0.210932,-0.346561,0.013656601510281096,0.06933693000872203,0.016935846832643653,0.22545093179740222,1.0,119.71222203095873,0.00323315594351201,75.0,0.0005878465351840018,0.00646631188702402,0.7740965643408472,107.728529760095,16891.915448864656,0.152742,0.149404,0.022321,-0.442692,0.314614,-0.021078,0.105407,2.8974,0.152495,0.3146136000854233,4.0,9.0,-0.492955,2.0438,0.0024642073948186634,0.0025804300369455897,0.0006791354725943367,0.06912553912806293,0.0,114.17873235501314,0.000443270692721331,100.0,8.059467140387836e-05,0.000886541385442662,0.10122417157010025,15.229075603176321,2637.18211145893
0.237975,0.231949,0.0538,-0.545224,0.311368,0.028323,0.188161,4.1724,0.219598,0.311368241145994,3.0,7.0,-0.68469,-0.244216,0.008583623463362527,0.007984926076496753,0.0028175394300519385,0.13725029048719925,0.0,108.21747580772174,0.0010760072819222823,50.0,0.00019563768762223316,0.0021520145638445646,0.23288558400071402,32.49463236014554,5432.501243022061,0.145011,0.14435,0.020837,-0.338378,0.281742,0.013295,0.114298,2.7674,0.145654,0.1878605664153556,4.0,8.0,-0.477034,0.30417,0.0004358591570826978,0.0012644299162279245,8.883499307332587e-05,0.08041294427179349,0.0,126.77417208075485,0.00039953631042943984,75.0,7.264296553262542e-05,0.0007990726208588797,0.10130176994178339,17.44054618174169,3431.0780970650103
0.241139,0.236304,0.05584,-0.545224,0.546806,0.01937,0.188267,4.7364,0.249282,0.24526004945918758,4.0,7.0,-0.117119,0.376052,0.0025508211531252967,0.010352129528651634,0.00027054909641751186,0.13387504548622958,0.0,119.56886635796778,0.0011048091022686384,150.0,0.00020087438223066154,0.002209618204537277,0.26420154380045036,41.28551273963507,7482.014113728179,0.390451,0.380626,0.144876,-0.701003,0.930615,0.025646,0.305211,7.3663,0.387702,0.9306146573522982,4.0,5.0,0.420441,0.081356,0.026144560455962158,0.06530742429159737,0.030513522146591993,0.22426885838210975,1.0,130.0308367106788,0.002896584412495087,100.0,0.0005266517113627431,0.005793168824990174,0.7532905895196923,114.45816873753371,19665.428725261136
0.325186,0.317148,0.100583,-0.692556,0.546806,0.058725,0.24571,7.6405,0.40213,0.33052470504057313,6.0,6.0,-0.498611,-0.110921,0.012514558356736816,0.028523436206711966,0.007049223507760885,0.15853473579048147,1.0,144.23756980557116,0.0020091768593404145,175.0,0.000365304883516439,0.004018353718680829,0.5795975750017025,95.76314466883694,16887.971382035284,0.416364,0.407194,0.165807,-0.701003,0.930615,-0.145206,0.348714,7.6885,0.404656,0.9306146573522982,4.0,8.0,0.610875,-0.297212,0.02428864391271223,0.06895731439226281,0.030558290576592435,0.2888161167238056,1.0,122.35812372995021,0.003293827244687455,100.0,0.0005988776808522645,0.00658765448937491,0.8060530431010972,119.46960917104552,19909.720317859923
0.409994,0.40002,0.160016,-0.692556,0.822139,0.036304,0.31931,10.082,0.530633,0.5308061535375022,6.0,5.0,0.099747,-0.548204,0.002279957333350697,0.06237600273644406,0.004778672843261269,0.2121159355751987,1.0,144.1946946613896,0.0031938117386744796,125.0,0.00058069304339536,0.006387623477348959,0.9210614169282568,150.65154867347562,26552.155507630254,0.218536,0.213453,0.045562,-0.37834,0.43377,-0.082411,0.180746,3.5696,0.187874,0.4337700074815854,4.0,9.0,0.085644,-0.558129,0.001061706386029759,0.005032921295365652,2.0860718006138232e-05,0.15116424136825823,0.0,104.19768792703162,0.0009074028612588468,50.0,0.0001649823384106994,0.0018148057225176935,0.18909856032308978,25.29277537368696,4051.778913912757
0.38795,0.378577,0.143321,-0.674803,0.822139,-0.131172,0.324304,7.8376,0.412504,0.8221390578532092,5.0,7.0,0.364451,-0.699776,0.027630795366974936,0.04877208776170372,0.016740065384326028,0.2618349771291936,1.0,121.58899167108041,0.00285959876124553,125.0,0.0005199270474991872,0.00571919752249106,0.6953914599274291,98.91738231580351,15712.451869669821,0.134747,0.134123,0.017989,-0.213854,0.232664,0.025013,0.121252,2.6983,0.142014,0.232663770822423,4.0,4.0,0.001516,-1.339604,0.0014314556324661238,0.0005715334574928336,6.243738209659754e-05,0.10564130544054098,0.0,118.18629391729365,0.00034497580632525783,175.0,6.27228738773196e-05,0.0006899516126505157,0.08154282408142459,12.796038385923547,2317.233637883399
0.280521,0.273987,0.075069,-0.444996,0.548285,-0.085066,0.234186,5.6103,0.295281,0.4006729898123258,4.0,6.0,0.36499,-0.834253,0.003494476077491113,0.01171660180652605,0.0015873661725663124,0.16123177202101524,0.0,120.81455745837626,0.0014951455666608294,150.0,0.00027184464848378716,0.002990291133321659,0.3612706999439626,52.02580582602154,8189.439383116576,0.221034,0.215807,0.046573,-0.376791,0.54009,0.004385,0.170146,4.1656,0.219243,0.19624126895030172,3.0,6.0,0.172705,0.13494,0.0034864830817701274,0.006884876161945125,0.0016508895664581024,0.12228082205464898,0.0,107.60418056106529,0.000928267314799986,100.0,0.00016877587541817927,0.001856534629599972,0.19977088750134586,27.304936638084506,4434.015839739946
0.243573,0.238088,0.056686,-0.412402,0.68842,-0.047077,0.181463,5.2538,0.276516,0.255765471148877,5.0,5.0,1.055853,1.708962,0.011077621938008266,0.014050799163700278,0.006966309716852484,0.11555482651736804,0.0,144.03151001365896,0.0011272297440321063,125.0,0.00020495086255129205,0.0022544594880642126,0.3247132043305091,54.61522131029842,10009.447126570933,0.266708,0.260844,0.068039,-0.381544,0.54009,-0.063698,0.213457,5.1263,0.269807,0.25163181885795655,4.0,7.0,0.418157,-0.637194,0.0029735868818949996,0.01034562954197359,0.0016364804840875273,0.15399743147340375,0.0,114.35875456452227,0.0013515284172607807,100.0,0.00024573243950196013,0.0027030568345215614,0.30911821311300575,41.64400507677433,6330.092152050722
0.330526,0.322202,0.103814,-0.727579,0.68842,-0.029483,0.242781,7.4899,0.394203,0.6884195748968619,6.0,4.0,0.162317,0.349489,0.0037483330784508703,0.035979719063929105,0.0011794638713525343,0.16233333376341275,0.0,135.71753010327208,0.0020757063478700167,75.0,0.00037740115415818483,0.0041514126957400335,0.5634194775052039,93.4592725369372,17660.517042146486,0.355208,0.346224,0.119871,-0.714837,0.746054,0.01708,0.276531,6.2333,0.328068,0.3875192472203153,4.0,8.0,-0.050045,-0.299219,0.0011555404166754013,0.03878673580294238,0.0009731256648618742,0.17576557669272047,0.0,111.08639284938208,0.002397284610695284,125.0,0.0004358699292173243,0.004794569221390568,0.5326114000709485,70.37407998336761,10689.779137728303
0.336414,0.328212,0.107723,-0.727579,0.672247,0.019652,0.255002,7.4774,0.393548,0.3299091353494855,6.0,6.0,-0.03419,0.061743,0.003441944464680826,0.0354570850051784,0.00034592468069505816,0.1764455126614642,0.0,134.3289184918091,0.00215031757537284,100.0,0.00039096683188597094,0.00430063515074568,0.5776996686275256,92.28472111491307,16686.082125623823,0.328609,0.320392,0.102651,-0.714837,0.746054,0.05253,0.241422,5.3041,0.279161,0.43953519152200315,3.0,10.0,-0.029302,0.402333,0.00347893233854995,0.03587727320942128,0.0007724846824017112,0.14464443578837827,0.0,103.38052205665754,0.0020516882368424834,75.0,0.0003730342248804515,0.004103376473684967,0.42420920204455836,56.49632247712822,9115.747746931189
0.338848,0.330439,0.10919,-0.576998,0.882664,-0.044608,0.244001,7.6881,0.404635,0.6722467741155275,5.0,6.0,0.895423,0.965123,0.03573794251984007,0.04862222700432594,0.029873943876629734,0.1629209991539197,1.0,146.12859227400483,0.002181541607074419,175.0,0.00039664392855898525,0.004363083214148838,0.63757120805791,110.55274698301295,20914.35906948625,0.201345,0.196548,0.038631,-0.318971,0.411759,0.033489,0.159738,3.798,0.199895,0.22304406365896054,5.0,8.0,0.048839,-0.704516,0.0016260018686283565,0.00344812162510441,0.0004129916609681931,0.11024485942843003,0.0,110.14376454774957,0.0007702591572748284,25.0,0.00014004711950451424,0.0015405183145496568,0.1696784865192534,26.95301255750968,4950.8476648395
0.312986,0.305065,0.093065,-0.576998,0.882664,-0.038728,0.219019,6.3219,0.332732,0.8826643659930129,5.0,6.0,0.801008,1.598924,0.023173933429257727,0.03997203554475817,0.023346294688650727,0.13620827016887097,0.0,144.95940870509602,0.001861246760722946,100.0,0.00033840850194962656,0.003722493521445892,0.5396104597773472,90.77301544374427,16928.088738166425,0.273803,0.267063,0.071322,-0.539948,0.411759,0.051754,0.228059,5.9524,0.313285,0.2790923023135302,5.0,6.0,-0.359041,-0.928679,0.004656407655048121,0.010273385798563264,0.00199198101258083,0.1656005273081359,0.0,119.69244985450555,0.0014243929040246555,100.0,0.0002589805280044828,0.002848785808049311,0.34097815247616925,47.87915402901249,7689.2483597186165
0.252873,0.24771,0.06136,-0.470503,0.488706,-0.040378,0.196928,4.9399,0.259995,0.23933519170553252,4.0,6.0,0.164623,-0.452241,0.002060975120540739,0.009381578370157784,2.6688529358520965e-06,0.13766067765565262,0.0,136.29194775559154,0.0012149535762301946,200.0,0.00022090065022367176,0.002429907152460389,0.3311767786740696,52.636026004289064,9167.484986348303,0.260523,0.257545,0.066329,-0.539948,0.333017,-0.119325,0.2299,5.1209,0.269523,0.32777073238018606,3.0,6.0,-0.044698,-1.063578,0.009132464992798153,0.008895930411182699,0.0025966606861649918,0.200884701448095,0.0,111.54188258147745,0.001289574772844278,100.0,0.00023446814051714148,0.002579149545688556,0.28768319578526386,39.235060798923065,6090.805982338277
0.440479,0.429326,0.184321,-0.710093,1.382833,-0.06593,0.305671,9.4203,0.495804,1.3828330321995521,5.0,8.0,1.373757,3.039451,0.10866478072002779,0.2051493547088577,0.24295798025392154,0.20694912456188863,1.0,139.211889665703,0.0036864163702174956,150.0,0.0006702575218577265,0.007372832740434991,1.0263859779851188,158.64990325437017,26105.734526411918,0.199168,0.194761,0.037932,-0.276181,0.417124,0.070183,0.174945,3.8934,0.204917,0.30998169860631875,4.0,5.0,0.234307,-1.007756,0.003495548056007159,0.0029930146093233847,0.0006632525822212724,0.15653049598552965,0.0,108.10865738053423,0.000753692949051218,50.0,0.00013703508164567598,0.001507385898102436,0.16296146559820512,24.369087337177987,4423.074778578329
0.406951,0.398035,0.158432,-0.710093,1.382833,0.067584,0.261081,7.6762,0.404009,1.3828330321995521,5.0,6.0,1.516584,4.495065,0.1103542468510957,0.19913681296989624,0.2430000717110548,0.16693384004888692,1.0,134.7878771137435,0.0031465755822348966,150.0,0.0005721046513154358,0.006293151164469793,0.8482404858147663,127.88802932352928,20615.13715509822,0.2887,0.281834,0.07943,-0.653857,0.417124,0.102531,0.239029,5.338,0.280947,0.41712448731726054,4.0,9.0,-0.781403,-0.122386,0.01365072274879944,0.017059163897512313,0.00703639367292659,0.20018284162558794,0.0,117.36506673757867,0.0015836104157488983,100.0,0.0002879291664997997,0.0031672208314977965,0.3717210842613883,55.51762213952051,9945.325817700908
0.198681,0.193688,0.037515,-0.331349,0.298659,0.028948,0.167829,3.3451,0.176059,0.17490059633816163,5.0,7.0,-0.184998,-1.274947,0.0017754419187853577,0.002449840822979487,0.0001783927891230559,0.12181014294179561,0.0,104.97974706829818,0.000750005386835966,75.0,0.00013636461578835746,0.001500010773671932,0.1574707516198017,19.31545712558379,2712.510337692379,0.362641,0.353592,0.125027,-0.797329,0.611215,0.069996,0.286197,7.8496,0.413135,0.34838666432775717,4.0,7.0,-0.581423,-0.273343,0.029315038659296366,0.04362631122401896,0.019203551208458004,0.20214735746535784,1.0,153.27922156888403,0.002498662048694573,125.0,0.00045430219067174056,0.004997324097389146,0.7659859475752343,136.34879670918022,26602.800023937692
0.216094,0.21466,0.046079,-0.284681,0.427978,-0.007872,0.17726,3.1639,0.166522,0.2986588799570013,5.0,10.0,0.156478,-1.195325,0.007047719012724485,0.004253843124397305,0.0010547645953000195,0.10166954262154677,0.0,101.79165251185486,0.0008872395240342379,125.0,0.00016131627709713416,0.0017744790480684759,0.1806271546505533,24.62647168369627,3943.678119989468,0.290955,0.283809,0.080548,-0.797329,0.611215,0.062173,0.202251,6.2605,0.329501,0.6112151120823676,5.0,4.0,-0.779515,1.781823,0.015075653362425629,0.030191875794669608,0.012189362142831324,0.11633632352344093,0.0,166.5007265394503,0.001608443952298634,200.0,0.000292444354963388,0.003216887904597268,0.535614173311415,99.88027903609421,19722.93596616902
0.393921,0.38556,0.148656,-0.923715,0.585379,-0.014489,0.293483,7.836,0.412421,0.42797767977566653,4.0,9.0,-0.631474,-0.169012,0.05136714100617097,0.06765760284339446,0.04254424331420365,0.15081054520470868,1.0,126.73921308426532,0.002948299649776348,125.0,0.0005360544817775178,0.005896599299552696,0.7473303550985387,108.62020103701128,17586.712124739002,0.171467,0.167371,0.028013,-0.42268,0.247025,-0.004332,0.132683,3.338,0.175687,0.15757919088959188,5.0,8.0,-0.695912,-0.12815,0.0040095010247424125,0.002372111929444424,0.0007128135621608867,0.07328319778775694,0.0,140.66905133372484,0.0005586152291912702,100.0,0.00010156640530750367,0.0011172304583825403,0.15715974870181448,27.084446226821417,5269.804326383953
0.387254,0.37912,0.143732,-0.923715,0.585379,0.033203,0.29195,7.0035,0.368605,0.5853789400030005,3.0,8.0,-0.717185,-0.052702,0.053809000614306955,0.06638906416632236,0.04309072029265294,0.18946790144293058,0.0,113.48814446517802,0.0028493456562715307,100.0,0.0005180628465948238,0.005698691312543061,0.6467339029403419,85.62929365435792,12639.283023399137,0.179524,0.176832,0.03127,-0.265435,0.555292,0.009894,0.123782,3.4169,0.179838,0.17159012986288177,4.0,7.0,1.107068,2.007773,0.008293649778034626,0.005420590233687051,0.0026159716623044625,0.06297431865062046,0.0,109.14656042704286,0.0006123458530331899,50.0,0.00011133560964239816,0.0012246917060663798,0.13367088730067234,19.732056608211508,3512.9967260828867
0.235836,0.232842,0.054215,-0.626715,0.432427,0.044589,0.173934,4.7805,0.251605,0.36185206258632696,3.0,8.0,-0.787313,1.407052,0.0036275591849323475,0.011322603875037841,0.0035774093194423746,0.11524205832861006,0.0,113.14182303914254,0.001056751518947038,150.0,0.00019213663980855236,0.002113503037894076,0.2391255867061017,33.68329057593719,5344.590826488323,0.361555,0.352412,0.124195,-0.826905,0.580115,0.00606,0.253199,6.3715,0.335342,0.5552921956399239,4.0,7.0,-0.345583,0.203517,0.01623773652550218,0.049592403423733965,0.016500279494520615,0.1348341667973446,0.0,99.3496465214854,0.00248371234249908,75.0,0.00045158406227256004,0.00496742468499816,0.49351188657666817,60.40118274592882,8991.586126556916
0.251846,0.245532,0.060286,-0.626715,0.457469,0.001298,0.1861,5.9058,0.310832,0.4324272376107745,5.0,8.0,-0.286244,0.532124,0.003233945254220118,0.012741497756739916,0.003007748624635342,0.12224470809217484,0.0,132.9297394511157,0.0012051064555436489,150.0,0.00021911026464429978,0.0024102129110872977,0.3203889742925496,47.487323100605096,7577.586920110567,0.515514,0.503265,0.253275,-0.938439,0.785657,-0.0811,0.427029,10.2549,0.539729,0.5657250075848075,5.0,7.0,-0.021377,-0.992039,0.02427362837947616,0.12952038268182536,0.027835037614635127,0.3204433139772552,1.0,121.12120675560979,0.0050493321571460715,125.0,0.0009180603922083766,0.010098664314292143,1.223162408366877,168.26728357124654,25630.279238106297
0.222137,0.216589,0.046911,-0.295103,0.457469,-0.049936,0.182578,5.6246,0.296032,0.278723463904038,6.0,7.0,0.515701,-0.847965,0.006043484387252189,0.004858882520045762,0.0012831316641258143,0.13815340303921883,0.0,161.6930545720188,0.0009375510246214081,150.0,0.00017046382265843783,0.0018751020492428162,0.303190977976323,53.382993624817516,9936.222430670847,0.411464,0.401183,0.160948,-0.938439,0.785657,-0.081015,0.303016,8.1506,0.428978,0.785656692052151,4.0,10.0,0.069016,0.306683,0.000610622786844721,0.08545929335274656,0.008832692868090668,0.1778201189341899,1.0,116.69100996499657,0.0032167555133657626,125.0,0.000584864638793775,0.006433511026731525,0.7507328993302437,102.918744331159,15813.88180326829
0.322959,0.315014,0.099234,-0.539029,0.767937,-0.02118,0.251927,7.519,0.395739,0.349616634084533,6.0,8.0,0.403759,-0.087353,0.008998578867352298,0.028075324412644848,0.009870687374426477,0.1556976182789766,1.0,149.81866802649853,0.0019817507294279803,150.0,0.00036031831444145095,0.0039635014588559605,0.5938065092868837,94.12223233552297,15491.150284224781,0.16775,0.163627,0.026774,-0.315698,0.417321,-0.014965,0.133996,2.9539,0.15547,0.16465309765066702,3.0,12.0,0.417283,0.155803,0.0023369127445226276,0.0023085065115029126,0.0004862073075186991,0.08897900815491151,0.0,98.63559086386867,0.0005346599559839466,100.0,9.721090108799029e-05,0.0010693199119678931,0.10547300133945317,14.396195058934923,2383.2728962605497
0.330673,0.322853,0.104234,-0.539029,0.767937,-0.00084,0.257657,7.8143,0.41128,0.7679373333849507,5.0,6.0,0.32888,-0.186762,0.005116000364355276,0.02974671406286758,0.009079550386307833,0.14662954564860128,1.0,146.13055319432567,0.0020775467979908696,175.0,0.0003777357814528854,0.004155093595981739,0.6071861257550114,94.82876436985542,15611.127161145292,0.209819,0.204954,0.042006,-0.524245,0.417321,0.036566,0.161073,3.3942,0.17864,0.4173214158394198,4.0,10.0,-0.605976,0.680145,0.003480561568651488,0.006202289585054412,0.0014015180291895313,0.11452005346438049,0.0,95.77827048582547,0.0008364531037279968,75.0,0.00015208238249599942,0.0016729062074559936,0.1602280632351366,20.371231962529595,3110.9730108480094
0.203378,0.198477,0.039393,-0.444849,0.388829,-0.041364,0.158983,4.0785,0.21466,0.17832791315182095,4.0,9.0,-0.220578,-0.241293,0.0028891120457022338,0.0043510480028645,0.0006176848745542149,0.11040009236721053,0.0,117.56993412296312,0.0007858900683463302,100.0,0.0001428891033356964,0.0015717801366926605,0.18479408712673806,25.528562939196096,4047.6683300661516,0.286847,0.280106,0.078459,-0.647583,0.536452,0.026403,0.214609,5.6996,0.299981,0.23613039969245547,5.0,8.0,-0.409829,-0.015543,0.012967446716827155,0.018984397120561707,0.005454749256058717,0.1384221737836097,0.0,115.24260189627627,0.0015633473639628907,75.0,0.00028424497526598013,0.0031266947279257815,0.36032843578153667,50.42765653914422,8072.635245674236
0.336305,0.327907,0.107523,-0.737645,0.701291,-0.052088,0.252536,5.8334,0.307018,0.5121771437026569,4.0,11.0,0.088102,0.115799,0.005924738992442827,0.03612898619293379,0.0001929701615179016,0.17335829671676037,0.0,100.34815865672631,0.0021489254952229107,100.0,0.0003907137264041656,0.0042978509904458215,0.4312814330722256,45.58457278783359,5107.842991544765,0.33494,0.326514,0.106612,-0.647583,0.705213,0.026403,0.257181,6.7027,0.352772,0.34963719813252325,3.0,9.0,0.148947,-0.256576,0.003260635854598422,0.03105931884619284,0.0036963349899031945,0.17053669581860095,0.0,112.44094225326413,0.0021315120128032636,100.0,0.0003875476386915025,0.004263024025606527,0.47933843828750106,59.12236446580336,8065.809344584539
0.419037,0.409473,0.167668,-0.737645,0.704701,-0.034349,0.342803,9.1768,0.482989,0.5121771437026569,5.0,9.0,-0.074815,-0.762929,0.009570483469918697,0.06251058083116912,0.0005216800210740694,0.2538087582943869,1.0,109.62515469208343,0.0033362472543779823,100.0,0.0006065904098869058,0.006672494508755965,0.7314732427044498,91.41493481694192,13223.06933892271,0.282366,0.275217,0.075744,-0.458467,0.705213,-0.011056,0.224825,5.4383,0.286227,0.7052133999861405,4.0,9.0,0.44792,0.144244,0.009474258195258317,0.018061707641652477,0.007151977725591179,0.17115193747319457,0.0,105.57097234046338,0.0015148812277761443,100.0,0.0002754329505047535,0.0030297624555522887,0.3198549683932851,37.83218278235117,5133.902518114026
0.384857,0.375172,0.140754,-0.709609,0.704701,0.003309,0.311265,8.1054,0.426598,0.39365789414461766,5.0,9.0,-0.131948,-0.69303,0.009802471370410449,0.0459012546558674,0.005158415775991486,0.2237934799312553,1.0,119.15285206533548,0.0028141823424033823,100.0,0.000511669516800615,0.0056283646848067645,0.670635704658539,94.87167769246078,16051.612907660772,0.234992,0.229052,0.052465,-0.605429,0.321932,0.016009,0.183873,5.3591,0.282057,0.3219318415530346,6.0,5.0,-0.770957,0.281139,0.008921309828547145,0.008950826015205117,0.0039133180755872845,0.12376841006805313,0.0,156.46558137829015,0.001049201822352333,225.0,0.00019076396770042418,0.002098403644704666,0.3283279462350386,60.43794427744388,12193.111273683136
0.306185,0.299481,0.089689,-0.610681,0.537005,-0.020532,0.236209,5.5994,0.294703,0.5370048971210094,4.0,7.0,-0.202851,-0.449271,0.012097089509944538,0.0211078246292912,0.005214943059818162,0.1511839982736087,0.0,127.99442834873736,0.0017812385326646289,100.0,0.0003238615513935689,0.0035624770653292577,0.4559772154823058,70.16102441992851,12168.372008170343,0.273916,0.266985,0.071281,-0.605429,0.472014,0.038892,0.221434,5.7454,0.30239,0.2380508618171025,5.0,7.0,-0.43907,-0.400179,0.008022831107077194,0.013157767932607178,0.0035681299030205136,0.15825145915881408,0.0,127.6701223285127,0.0014255705019826784,75.0,0.0002591946367241234,0.002851141003965357,0.36400552075209563,61.19605884249158,12248.548679256735
0.374038,0.366954,0.134655,-1.397939,0.394846,-0.022991,0.219113,6.0475,0.318289,0.39484617676024664,4.0,3.0,-2.391907,6.829854,0.1326330944770917,0.19441068979734166,0.26645508625607045,0.117485684255123,0.0,142.5012460494231,0.002658177897664396,75.0,0.0004833050723026174,0.005316355795328792,0.7575873252764245,127.06285224420391,23592.43867894752,0.363007,0.354981,0.126012,-0.534147,0.728571,-0.004878,0.310934,7.7726,0.409084,0.47201442853202885,5.0,7.0,0.307171,-0.913222,0.024425676428737938,0.03488864133576691,0.0138250903051883,0.2680563448136703,1.0,142.19983928100837,0.002503706856934142,100.0,0.0004552194285334804,0.005007413713868284,0.7120534253255872,121.2323247489598,23454.989742485515
0.540592,0.528898,0.279733,-1.397939,1.398765,0.023798,0.335314,11.4688,0.603623,1.3987650238083402,5.0,5.0,-0.013411,2.487989,0.03634902084706598,0.42615053619152954,0.03523977031278382,0.16767913647757204,1.0,134.23274845201763,0.005552560576207177,150.0,0.001009556468401305,0.011105121152414354,1.4906709341812163,219.73214653380072,34707.393996205865,0.326521,0.318263,0.101291,-0.534147,0.728571,-0.036068,0.251845,7.3154,0.385024,0.2910370618890506,5.0,5.0,0.592513,-0.044899,0.019849703587572737,0.030507786758304966,0.01303990317804749,0.17787045762050832,1.0,154.408366299898,0.002025701469458074,225.0,0.00036830935808328615,0.004051402938916148,0.6255705090206479,113.4685983574969,22582.52118886019
0.467843,0.457314,0.209136,-0.700917,1.398765,-0.001731,0.306896,9.4985,0.499921,1.3987650238083402,4.0,9.0,1.364557,2.278822,0.1510639580187308,0.24769134037527926,0.29326894393099556,0.1682848550053792,1.0,126.37545905526144,0.00415865709010064,125.0,0.0007561194709273891,0.00831731418020128,1.0511043976297723,153.97994820807295,25289.5543550417,0.147366,0.14369,0.020647,-0.372641,0.169776,0.0494,0.118012,2.87,0.151053,0.14190960089366728,4.0,10.0,-0.939166,0.120621,0.003029325534276457,0.0013744972065866234,0.0004022065144416602,0.09334764698060706,0.0,123.02422163647032,0.00041262017470716176,100.0,7.502184994675668e-05,0.0008252403494143235,0.10152455164970595,16.231229169357647,2932.3316988239853
0.252016,0.246521,0.060772,-0.700917,0.323407,0.056426,0.187197,4.0057,0.210829,0.3234067068940068,4.0,8.0,-1.150229,0.820619,0.02083485594702844,0.01549034990014952,0.009189807814317075,0.11351430539617886,0.0,120.80850529022142,0.0012067335153879157,100.0,0.00021940609370689376,0.0024134670307758314,0.291567344555257,40.6970150828041,6308.401527621653,0.163855,0.161379,0.026043,-0.455776,0.201824,0.063921,0.127207,2.8044,0.147601,0.1665516477913816,3.0,8.0,-1.438722,1.795089,0.004074955437411997,0.0026587163966574736,0.000983657893396548,0.08855958175143792,0.0,105.77009661451788,0.0005101212244625681,100.0,9.274931353864874e-05,0.0010202424489251362,0.10791114239304399,14.901769112931515,2417.672008581747
0.205498,0.200994,0.040399,-0.593829,0.225352,0.083288,0.147032,4.1857,0.220303,0.22535200200922345,4.0,5.0,-1.760503,2.613336,0.0121252244439156,0.00815398502659172,0.004263525115114913,0.09058743128498195,0.0,145.798715809046,0.000802359050978423,175.0,0.00014588346381425873,0.001604718101956846,0.23396583850083788,38.35482602643256,6760.070691419331,0.221904,0.223551,0.049975,-0.552986,0.232532,-0.020883,0.178175,3.9795,0.209446,0.2018241931619857,4.0,7.0,-0.677841,-0.3829,0.01497199791691146,0.008184894264867102,0.0037962990914092386,0.12392343341939378,0.0,87.05925681158362,0.0009355879298838023,50.0,0.00017010689634250952,0.0018711758597676046,0.16290317971514368,22.29305858162237,3917.74671782531
0.194573,0.191703,0.03675,-0.593829,0.312255,-0.039802,0.14378,3.8594,0.203128,0.18033473358731528,5.0,5.0,-0.929948,1.822659,0.009386900874698597,0.007118735452889449,0.0035718054803481995,0.10213207731775488,0.0,132.84471647834195,0.0007193115054058721,175.0,0.00013078391007379493,0.0014386230108117443,0.19111346599050483,29.708245883084675,4997.919453626067,0.274416,0.267668,0.071646,-0.552986,0.626302,-0.018205,0.21235,5.7277,0.30146,0.23253229907629205,6.0,8.0,0.183394,0.007541,0.005733918631816699,0.015583591715535344,0.0025323984419615975,0.14466121792760506,0.0,116.33270866188576,0.0014307795276327885,125.0,0.00026014173229687063,0.002861559055265577,0.3328929158949914,47.9937717514923,7940.243337416725
0.289621,0.282762,0.079954,-0.630905,0.715976,-0.021952,0.202483,5.4469,0.28668,0.3122548464071457,5.0,7.0,0.505721,1.138268,0.015292185066449967,0.0271504648039848,0.007466113664128591,0.12805631613271265,0.0,131.35300755844943,0.0015937307371691105,100.0,0.0002897692249398383,0.003187461474338221,0.4186826511310147,63.09331147511013,10504.722706753199,0.279143,0.276644,0.076532,-0.636676,0.626302,0.042705,0.21145,5.6164,0.2956,0.6263018130809991,5.0,7.0,-0.406496,0.59649,0.0030593338067751714,0.019187597931497574,2.93543128881582e-05,0.12985837089582514,0.0,109.63438861285918,0.0014804902188707831,150.0,0.00026918003979468783,0.0029609804377415663,0.32462527998643276,47.29363667663972,7665.524968945822
0.337976,0.329593,0.108632,-0.630905,0.715976,-0.071607,0.244484,6.6358,0.349253,0.7159758038427935,5.0,8.0,0.686239,0.266374,0.02103224233351144,0.03748509340306232,0.01189445801784639,0.14912637280855845,0.0,124.78639778461364,0.0021703270168651144,125.0,0.00039460491215729355,0.004340654033730229,0.5416545808984481,78.35360800232947,12672.433087510763,0.243573,0.239465,0.057344,-0.636676,0.359277,0.032521,0.197176,3.2944,0.17339,0.25152112870369514,3.0,7.0,-0.625878,0.005556,0.013704683074618501,0.01093046225553128,0.005261754717937498,0.15434721020360806,0.0,84.74539437473483,0.0011272254972033774,25.0,0.00020495009040061407,0.0022544509944067547,0.19105433861951354,24.25542197370448,4006.368313248894
0.243129,0.238421,0.056845,-0.422035,0.643312,-0.065996,0.184786,4.466,0.235053,0.6433119251010775,4.0,9.0,0.842875,1.069741,0.006778104456194918,0.011889216756456107,0.004510153332098594,0.11826009013393321,0.0,109.11852640379452,0.001123123827854242,100.0,0.0002042043323371349,0.002246247655708484,0.24510723412888774,31.610599661669056,4572.584885630919,0.184431,0.181114,0.032802,-0.333108,0.359277,0.018307,0.149337,3.1372,0.165118,0.22508053409136586,4.0,8.0,0.033412,-0.717816,0.0019584313510684413,0.0024607668728667247,7.824699207921004e-05,0.10793453981590828,0.0,129.22195531115042,0.0006462802874075181,200.0,0.00011750550680136693,0.0012925605748150362,0.1670272048357035,27.45480990405085,5005.091665341343
0.15547,0.153209,0.023473,-0.291783,0.247568,0.013496,0.125862,3.1328,0.164882,0.21701729347698806,5.0,8.0,-0.136278,-0.884492,0.0010940077928264884,0.001143210251443563,2.2115510764610078e-05,0.08424860123001357,0.0,136.9116023272281,0.0004592502705640957,225.0,8.350004919347194e-05,0.0009185005411281913,0.12575338082428675,21.933853313669236,4258.21964687121,0.413773,0.403985,0.163204,-0.579059,0.843886,0.018307,0.303654,6.9868,0.367728,0.7924202183630652,6.0,8.0,0.339418,-0.465504,0.03378855217404204,0.06969252917843634,0.03023111094367232,0.1513715090103,1.0,120.09230834331446,0.0032529505316663187,100.0,0.000591445551212058,0.0065059010633326374,0.7813086765488405,105.62065037986429,15749.58714696091
0.2381,0.232595,0.0541,-0.487329,0.613682,0.034402,0.176371,5.0423,0.265387,0.28756278081355735,5.0,8.0,0.291751,0.757636,0.006169206260946055,0.011205376156766918,0.002994146897604507,0.12013857750292888,0.0,153.30082479730066,0.0010771434060871093,175.0,0.0001958442556522017,0.0021542868121742186,0.3302539451562552,61.375823943983974,12536.249873327784,0.426562,0.417146,0.174011,-0.579059,0.843886,0.020048,0.339774,8.3021,0.436955,0.7924202183630652,5.0,9.0,0.255522,-0.755544,0.036011218922939695,0.07075513134478283,0.03049275322814631,0.2240057843825937,1.0,115.16465524424771,0.0034571528526720764,100.0,0.0006285732459403775,0.006914305705344153,0.7962836328092944,102.68254244204655,14705.176477138684
0.383702,0.37401,0.139883,-0.817133,0.836531,-0.002103,0.287952,8.7562,0.460852,0.613682249334704,6.0,7.0,0.110412,0.12887,0.0075297191083427955,0.06131978074030111,0.005173175889743085,0.19197927084480007,1.0,141.25007724421113,0.0027973204401367346,175.0,0.0005086037163884972,0.005594640880273469,0.7902434564922488,124.86720896885575,21430.547685626483,0.277452,0.271191,0.073544,-0.343111,0.800866,-0.083864,0.208364,5.5565,0.292446,0.34159172526218995,5.0,7.0,1.285876,1.87152,0.02095694732113329,0.02416502915678961,0.016017188327269033,0.1467220558675099,0.0,115.78953981715766,0.0014626075725091068,50.0,0.00026592864954711035,0.0029252151450182137,0.33870931550783906,49.92615318186266,8518.829559514721
0.378731,0.370021,0.136915,-0.817133,0.836531,-0.0178,0.27859,8.395,0.441841,0.8365314259202341,6.0,7.0,0.070545,0.232095,0.006887988276473946,0.0601844181787468,0.0014517738811401627,0.15468917705500668,1.0,133.17888883875256,0.002725312860930138,125.0,0.0004955114292600251,0.005450625721860276,0.7259082771132751,107.11331112958017,17303.056038557854,0.275727,0.271334,0.073622,-0.349494,0.800866,-0.060426,0.199578,4.2458,0.223466,0.8008659643990671,4.0,9.0,1.394223,2.369693,0.018908701512249472,0.024570693434220556,0.015837960039737205,0.11938773816547116,0.0,93.12045267232817,0.0014444825959139078,75.0,0.00026263319925707413,0.0028889651918278156,0.26902174641760557,34.18366764702125,5335.276137608319
0.296415,0.289191,0.083632,-0.610806,0.5679,-0.030701,0.235742,6.1673,0.324597,0.4321203727341197,5.0,7.0,0.177958,-0.467824,0.0010943476453587036,0.017504336947527274,0.0003101926652667079,0.15165041805512106,0.0,111.98264016752508,0.0016693774289754137,75.0,0.0003035231689046207,0.0033387548579508273,0.3738825838654838,51.43689162698904,8543.297588417205,0.326022,0.317869,0.10104,-0.616104,0.887115,-0.014367,0.235836,6.7522,0.355378,0.36630338263965445,5.0,8.0,0.682696,1.087294,0.02434355319894569,0.04241875459589976,0.023313564785435066,0.1444303144668587,0.0,130.45493112920707,0.002019514947695841,75.0,0.0003671845359446984,0.004039029895391682,0.5269113668321304,88.72950580688475,17586.498003997745
0.271509,0.265395,0.070434,-0.3862,0.5679,-0.023747,0.221915,5.8492,0.307852,0.4200368114961883,4.0,3.0,0.456749,-0.785016,0.01268965138682657,0.01171219939468874,0.004065871490357758,0.15615610838148725,0.0,130.2413789967232,0.0014006297716804093,75.0,0.0002546599584873471,0.0028012595433608185,0.36483990585504417,56.877340377611176,9879.870576505506,0.318089,0.310587,0.096464,-0.616104,0.887115,0.013427,0.227484,6.8262,0.359276,0.36747648120366294,5.0,7.0,0.614842,1.330678,0.023666972911484147,0.041566894491754845,0.023164770325699545,0.13731977464833553,0.0,136.20577183515388,0.0019224273494525851,150.0,0.0003495322453550155,0.0038448546989051703,0.5236914018583969,86.89413029954325,16364.673923972312
0.316536,0.308556,0.095207,-0.596325,0.744736,0.00607,0.239759,6.9052,0.363434,0.4660494080389764,5.0,5.0,0.208513,0.121485,0.007440365636181263,0.028406492339966633,0.007305991444706757,0.1528389183865602,0.0,148.08639725071023,0.0019037051521443892,200.0,0.000346128209480798,0.0038074103042887784,0.5638256748173556,95.39406045387877,17469.16954587654,0.22685,0.221897,0.049238,-0.425942,0.292923,-0.011225,0.180567,5.2725,0.277501,0.28103241754940833,5.0,8.0,-0.337011,-0.850765,0.006393934670083744,0.00551225712443,0.0013175455281497865,0.11968954981059096,0.0,130.57768144852838,0.0009777597488086313,150.0,0.0001777744997833875,0.0019555194976172627,0.25534720202625316,38.18791937151127,6164.936867804195
0.351405,0.34336,0.117896,-0.596325,0.744736,0.049213,0.281471,7.6645,0.403393,0.7447362091553824,4.0,6.0,0.188442,-0.525503,0.0009558845448939766,0.03373334939187132,0.005237120318786395,0.20579292697851817,1.0,140.2260314907204,0.0023462217401657454,150.0,0.00042658577093922646,0.004692443480331491,0.6580027272413893,102.31778770746527,17085.74465471347,0.214308,0.208938,0.043655,-0.425942,0.339087,-0.051267,0.167335,4.55,0.239476,0.2929232138320721,5.0,7.0,-0.140012,-0.403256,0.0019131700715433314,0.0049744750921922164,0.0008002702594292335,0.11989913667648325,0.0,125.08585362973655,0.0008726292862986545,75.0,0.000158659870236119,0.001745258572597309,0.21830715835794992,32.46694813794902,5365.579972476239
0.262962,0.256468,0.065776,-0.498886,0.463811,0.020283,0.203958,5.6339,0.296519,0.35452385228852434,5.0,5.0,-0.241549,-0.558051,0.002257169718039012,0.010421837287099693,0.0010037738995938674,0.1325773215129259,0.0,141.2404438493185,0.0013138315015336322,150.0,0.00023887845482429678,0.0026276630030672645,0.37113228883965355,57.65567749810094,9544.87403625573,0.138782,0.13552,0.018366,-0.318637,0.339087,0.006062,0.093776,3.1046,0.163401,0.3390869801711194,6.0,6.0,0.266987,1.181129,0.0011142424555337725,0.0014291227520387448,0.00010941017762534907,0.04735267729892877,0.0,160.54780295290877,0.00036595035871244883,225.0,6.653642885680887e-05,0.0007319007174248977,0.11750505216222502,21.672322164841496,4337.278303086089
0.159921,0.155898,0.024304,-0.301568,0.330335,-0.038991,0.122793,3.2355,0.17029,0.16566078157298425,4.0,4.0,0.57203,-0.07524,0.0023771597966502963,0.0017527519393936853,0.0002626496340953187,0.0863717719822328,0.0,154.74672546082715,0.0004859193559744203,225.0,8.834897381353097e-05,0.0009718387119488406,0.15038885835015112,28.278561409173545,5781.787699899247,0.158202,0.154575,0.023893,-0.350433,0.328735,0.018634,0.105082,3.1458,0.165568,0.15817785946344862,4.0,8.0,-0.483696,0.795043,0.0010003840508753339,0.0020853739906064135,0.00019386714220323193,0.046748360685834524,0.0,136.60861178798814,0.0004755280855446488,150.0,8.645965191720888e-05,0.0009510561710892976,0.12992246326490828,22.396012984704186,4338.74937111184
0.295158,0.287713,0.082779,-0.682165,0.53616,-0.030457,0.210293,5.8042,0.305486,0.21550958157944616,4.0,7.0,-0.502857,0.406047,0.012975968551473907,0.02353181513243723,0.007809971026131295,0.13162490965735169,0.0,126.68859766441348,0.001655252004651012,150.0,0.00030095490993654764,0.003310504009302024,0.41940311050089185,62.81971128207112,10449.535730594587,0.250888,0.244659,0.059858,-0.712776,0.328735,0.041082,0.179283,5.2932,0.278592,0.21693175404001042,4.0,8.0,-1.233743,1.5702,0.016644713223737118,0.015802293357623846,0.00923058887320551,0.10866723226940456,0.0,130.42610491017572,0.0011959512227975374,100.0,0.00021744567687227953,0.0023919024455950747,0.3119665193040891,48.006659658002306,8464.348092827257
0.32526,0.31711,0.100559,-0.682165,0.53616,0.039869,0.253066,7.3433,0.386491,0.40711728511783507,5.0,7.0,-0.450742,-0.45566,0.016591957047852986,0.026158496756091075,0.008548194793866674,0.17112085230387386,0.0,127.44797072969511,0.0020100856801667437,125.0,0.0003654701236666807,0.004020171360333487,0.5123626818601409,75.37376131444276,11990.747053321598,0.240063,0.234355,0.054922,-0.712776,0.295725,0.027217,0.167277,4.2515,0.223761,0.29572500310892424,5.0,7.0,-1.293295,1.801676,0.018734700044369498,0.015323229013646683,0.009460893959313583,0.10559776341820386,0.0,120.76092192832438,0.0010949745378225552,75.0,0.00019908627960410095,0.0021899490756451105,0.2644602693509853,37.97775954088876,6228.015599994646
0.275641,0.268805,0.072256,-0.445377,0.529909,0.055152,0.232894,6.2081,0.326744,0.5299094298115044,6.0,6.0,0.172038,-0.924009,0.0014337122544191216,0.010731728432914894,0.0011064810371397462,0.1903573771838039,0.0,125.88659905653913,0.0014435801667726093,150.0,0.0002624691212313835,0.0028871603335452185,0.3634547953209507,58.2833857776836,10842.68025602329,0.194897,0.191284,0.03659,-0.397871,0.290905,-0.029482,0.153479,4.3201,0.227375,0.24214639059381518,5.0,6.0,-0.342924,-0.595332,0.004792529392144519,0.0034517787982314674,0.0008172207174807257,0.10837958619818895,0.0,129.16442373165646,0.0007217114502282281,125.0,0.00013122026367785964,0.0014434229004564561,0.1864388871385343,26.82604745952204,4237.068820510003
0.236123,0.232067,0.053855,-0.40858,0.529909,0.01748,0.180451,4.8241,0.253899,0.25790822244587774,6.0,7.0,0.249725,-0.304653,0.007808248401520128,0.008207911000212344,0.002131638529435383,0.11516347173576272,0.0,128.85426947231866,0.0010593233211649005,100.0,0.00019260424021180008,0.002118646642329801,0.2729966653673873,45.58023335168372,8495.793820105751,0.226935,0.222407,0.049465,-0.397871,0.401359,-0.029482,0.185523,5.2218,0.274833,0.20486226082001913,6.0,7.0,0.031232,-0.872211,0.0030864129431368787,0.005220545579728755,0.0004528076213363132,0.13471908681695502,0.0,125.07185173577246,0.000978487160509859,150.0,0.000177906756456338,0.001956974321019718,0.24476240212929212,35.87526644463655,5735.5446008038825
0.184641,0.180317,0.032514,-0.370109,0.37379,-0.029715,0.137887,3.9881,0.209898,0.3245377683249488,7.0,6.0,0.246333,-0.067296,0.00034084893466545575,0.003036261997399471,0.00010083615754967817,0.08879529320668438,0.0,142.67075815362227,0.0006477508364605231,75.0,0.00011777287935645875,0.0012955016729210463,0.18483020586493165,33.81254329904643,6854.348966288168,0.253482,0.247064,0.061041,-0.396576,0.614974,-0.039595,0.194008,5.0403,0.26528,0.4013591060777146,4.0,6.0,0.627885,0.140831,0.009543212900836004,0.011718018098390485,0.004125328406228543,0.13416585568911832,0.0,132.4870847527264,0.001220813967015829,150.0,0.00022196617582105981,0.002441627934031658,0.3234841670306765,49.55939636977762,8329.8720887721
0.303649,0.296335,0.087814,-0.619672,0.409605,0.069707,0.256794,6.3729,0.335417,0.3737904589060909,6.0,7.0,-0.425371,-0.881686,0.007113496794918277,0.01571279423911897,0.0039286754832520525,0.20383742584558723,0.0,124.27566425725313,0.0017518565517876375,125.0,0.00031851937305229773,0.003503713103575275,0.43542627331365924,67.13695276789444,12098.731343654188,0.257426,0.256397,0.065739,-0.48782,0.614974,0.086932,0.207086,3.9931,0.210164,0.2545079583154918,3.0,6.0,-0.124047,0.125248,0.008153983083729475,0.013032281587985039,0.0030267223811960503,0.15678661739328606,0.0,81.24654408728273,0.0012590929194252977,25.0,0.00022892598535005412,0.0025181858388505954,0.20459389677614592,26.667353108452417,4462.318905368666
0.330597,0.323814,0.104856,-0.668225,0.409605,0.167331,0.27905,6.4679,0.340417,0.40960504963529226,4.0,10.0,-0.801897,-0.43959,0.016819593021121796,0.024805855337284858,0.010047142291441788,0.22882511597548813,0.0,105.30786182191356,0.0020765968969890763,75.0,0.0003775630721798321,0.004153193793978153,0.43736395817588025,56.07362568686153,8496.345545554806,0.298897,0.291351,0.084885,-0.504797,0.401728,0.095028,0.254645,5.9562,0.313484,0.31560958171942133,4.0,7.0,-0.530395,-1.023353,0.012188420876837604,0.01405433805628295,0.0039007906105776083,0.21538880789526893,0.0,120.59106972855126,0.001697443741696092,75.0,0.0003086261348538349,0.003394887483392184,0.4093931132303328,62.8385019362873,11034.395422267282
0.252869,0.246883,0.060951,-0.668225,0.375742,-0.031919,0.187926,5.0417,0.265353,0.37574167234543276,5.0,7.0,-0.614832,0.611125,0.011821791523230273,0.013928214856441185,0.006453817980067016,0.12659323624306526,0.0,116.08787523432368,0.0012149092214128459,100.0,0.00022089258571142653,0.0024298184428256917,0.2820724602328075,40.260029518761684,6641.465192470311,0.396334,0.387643,0.150267,-0.689167,0.581095,0.002125,0.351289,8.8293,0.464701,0.4017278920514833,4.0,8.0,-0.04348,-1.35368,0.016978508495085188,0.03791704916954073,0.0066593804754306405,0.30912045116529596,1.0,133.23446900173386,0.0029845347603711624,175.0,0.0005426426837038477,0.005969069520742325,0.7952858080305376,126.67849899470521,22157.897900514694
0.307046,0.299616,0.08977,-0.473366,0.721989,-0.042348,0.226934,7.0309,0.370046,0.3534096614503806,5.0,5.0,0.921152,0.405392,0.020827256260570567,0.02600884674143094,0.012198677342621846,0.13892274106211713,0.0,145.53782728659405,0.0017912698108217982,100.0,0.00032568542014941784,0.0035825396216435964,0.5213950327021457,84.1577704717478,14666.6773967537,0.366497,0.359773,0.129437,-0.689167,0.581095,0.136426,0.313139,7.6009,0.400045,0.581095052967904,4.0,8.0,-0.359458,-0.865405,8.238175641293761e-05,0.03335791154144792,0.002257137195493506,0.2604540988219715,0.0,128.08737854702534,0.0025520805727105708,175.0,0.00046401464958374016,0.0051041611454211416,0.6537786207985762,99.60358130923395,16746.43214406971
0.328586,0.320294,0.102588,-0.542118,0.721989,-0.043224,0.257345,7.3588,0.387304,0.604125412695625,5.0,7.0,0.517722,-0.208877,0.01830886004363111,0.029663203718051385,0.010724437665064998,0.1863692293621832,1.0,153.32584215000261,0.002051403451106294,175.0,0.0003729824456556898,0.004102806902212588,0.6290663234605886,105.78026678264555,19083.80972662209,0.298564,0.291127,0.084755,-0.478544,0.632763,-0.085096,0.238233,5.6842,0.29917,0.30063918881109686,4.0,8.0,0.366396,-0.356974,0.0068809302787511085,0.01868492859864247,0.004182379742851465,0.18767368597353176,0.0,102.25515728719259,0.0016936706510262878,75.0,0.00030794011836841596,0.0033873413020525755,0.34637311762678985,45.40380528553363,7079.377136121107
0.278717,0.271768,0.073858,-0.542118,0.392937,-0.040768,0.227755,6.3208,0.332675,0.38750880212196626,5.0,7.0,-0.205676,-0.797325,0.005819342821871957,0.012148764314375242,0.0026367205251603466,0.17185527010547733,0.0,142.24057991672436,0.0014759844469832554,150.0,0.0002683608085424101,0.0029519688939665108,0.41988976737392786,67.028095996185,11481.710255534237,0.347815,0.340063,0.115643,-0.51714,0.632763,-0.075596,0.29471,6.2587,0.329407,0.632762824859672,3.0,9.0,0.094139,-1.100709,0.005577876520306844,0.02518776082716126,0.00017158781893164763,0.23796317133564082,0.0,115.95355702392628,0.0022985304978637745,100.0,0.00041791463597523176,0.004597060995727549,0.5330455743105617,83.40277049199852,15708.038469922642
0.228912,0.224036,0.050192,-0.494738,0.392937,-0.015491,0.177166,4.5871,0.241426,0.39293726767992787,5.0,8.0,0.019337,-0.413862,0.002822534216356731,0.0065143496990547195,0.0009157154738055368,0.11395699771532086,0.0,122.05746108844293,0.0009956125840427914,150.0,0.00018102046982596207,0.001991225168085583,0.24304388847193428,32.61058564220768,4701.346266452639,0.362717,0.355373,0.12629,-0.51714,0.54851,0.025702,0.310792,7.2039,0.379153,0.4405596919056436,3.0,7.0,-0.150429,-1.307659,0.0069451349263779365,0.026456402367270183,0.00179595009196131,0.2299669862149752,0.0,123.24299346657573,0.002499703443861449,75.0,0.0004544915352475362,0.004999406887722898,0.6161418704003868,97.9664922373755,18817.02236399558
0.216361,0.210895,0.044477,-0.592729,0.406236,0.009225,0.152858,4.2714,0.224809,0.2545295400199493,5.0,8.0,-0.615254,1.260697,0.0060650421869815965,0.008478825927691908,0.003014429976241263,0.08981401691608024,0.0,127.74394663260242,0.0008894325577990165,150.0,0.0001617150105089121,0.001778865115598033,0.22723925039355325,33.305255599452515,5287.021293758863,0.349549,0.340738,0.116102,-0.690487,0.54851,0.025702,0.28043,6.6059,0.34768,0.5485098044080388,4.0,7.0,-0.136189,-0.745313,0.003565622012765287,0.030284787101923717,0.0037662478674969934,0.19807214788301364,0.0,118.5117210159431,0.0023215017883539716,100.0,0.00042209123424617664,0.004643003576707943,0.5502503445588377,79.75574745352715,13513.032875937524
0.224732,0.21946,0.048163,-0.592729,0.406236,-0.015905,0.160637,4.728,0.248841,0.40623594764509474,5.0,8.0,-0.556362,0.751494,0.007799524360130985,0.009005696321091858,0.00326156977551748,0.09018234394309203,0.0,144.51644040057283,0.0009595855361886373,100.0,0.00017447009748884314,0.0019191710723772746,0.2773517718997139,46.404988929206446,8616.943977437748,0.307915,0.30112,0.090673,-0.690487,0.558328,0.048056,0.239861,5.4061,0.284533,0.4221538767761383,4.0,8.0,-0.274382,-0.305762,0.014063715686838365,0.022911870142641514,0.006236642526224844,0.13285709126057582,0.0,130.29320873918937,0.001801422072466126,100.0,0.000327531285902932,0.003602844144932252,0.4694261242304242,77.70411636042247,14710.264484444424
0.241823,0.238367,0.056819,-0.403956,0.484104,0.035293,0.192569,5.5104,0.290021,0.48410400302194345,5.0,8.0,0.052458,-0.683361,0.006658901146323617,0.00767065531054843,0.0014116644810180058,0.12622497449889444,0.0,129.8439839068311,0.001111084418193717,150.0,0.000202015348762494,0.002222168836387434,0.2885352546301516,44.56246575281737,7671.924736361079,0.214573,0.209903,0.044059,-0.408625,0.558328,-0.007076,0.157197,4.2785,0.225183,0.5583281371264157,5.0,8.0,0.518355,1.050079,0.0023887172662552633,0.007493154943091379,0.0018200681678336723,0.08126489088305613,0.0,141.36338439012403,0.0008747887819981003,125.0,0.00015905250581783642,0.0017495775639962006,0.2473262056995317,39.197384225589964,6719.923122075888
0.314666,0.307893,0.094798,-0.515765,0.619555,0.07964,0.262555,6.3168,0.332462,0.48410400302194345,4.0,8.0,0.052493,-0.885175,0.00917908248038785,0.01929086503637095,0.0038608999136592282,0.2119205678322951,0.0,115.03771809195618,0.0018812781263786234,125.0,0.00034205056843247697,0.003762556252757247,0.43283588550981517,64.08675199193702,10768.486849982894,0.38499,0.375261,0.140821,-0.893844,1.16776,-0.038306,0.237636,6.277,0.33037,1.1677600425222188,5.0,9.0,0.768143,3.518476,0.03897936100168496,0.12863345275048674,0.07884620795208122,0.12946614757058086,0.0,100.22438643582745,0.0028161335236258534,100.0,0.0005120242770228824,0.005632267047251707,0.5644905090535319,65.177110299394,8711.043446565214
0.295947,0.289934,0.084062,-0.636879,0.619555,-0.017784,0.220548,5.7627,0.303301,0.6195553661586439,5.0,7.0,-0.076327,0.074976,0.00916121947618954,0.021931221146370482,0.0027046066275835385,0.14122285361870773,0.0,117.54467238948637,0.0016641122656284217,150.0,0.0003025658664778949,0.0033282245312568435,0.3912150621652375,57.24234588916438,9254.693113264997,0.465036,0.453262,0.205447,-0.893844,1.16776,-0.038306,0.34994,9.8814,0.520074,1.1677600425222188,5.0,10.0,0.532313,0.514399,0.05010855944164788,0.14851005641297194,0.08551809353715173,0.2355449322028467,1.0,118.87493769631477,0.004108915063199047,100.0,0.0007470754660361904,0.008217830126398094,0.976894044274472,134.14468558012913,20503.575255428983
0.242762,0.236875,0.05611,-0.636879,0.328101,-0.01329,0.176356,5.1286,0.269927,0.32810141459036,5.0,7.0,-0.965241,0.944305,0.010924565643093312,0.011838094995012986,0.005417067509087563,0.1088182091327719,0.0,120.95616521096886,0.0011197375835092585,125.0,0.0002035886515471379,0.002239475167018517,0.2708783282877538,38.36595058210937,5952.209742295592,0.358829,0.350233,0.122663,-0.492713,0.669216,0.04134,0.296271,7.4908,0.394255,0.669216344541973,4.0,10.0,0.297522,-0.972953,0.019528293452505792,0.031523594569143186,0.010071775139845127,0.22663740353999076,1.0,124.09399059986738,0.0024464125992966963,75.0,0.0004448022907812175,0.0048928251985933926,0.6071702042010427,86.68254335347918,13571.216135307404
0.270591,0.26374,0.069559,-0.550603,0.416725,0.017781,0.217048,5.9568,0.313517,0.2969477970183784,5.0,6.0,-0.425013,-0.746534,0.00767381630955836,0.010884901379479013,0.002737943226856341,0.1455561612298156,0.0,132.4175527981143,0.0013911719794749695,125.0,0.00025294035990453993,0.002782343958949939,0.3684311780867679,54.9965348857274,8942.505152970638,0.260534,0.254026,0.064529,-0.458727,0.585218,0.019418,0.203386,4.1623,0.219069,0.5852179120257108,4.0,9.0,0.399408,-0.127354,0.007838639978379632,0.012138030625982172,0.0033782382414474046,0.14384303336148152,0.0,91.67419812112986,0.001289683945990571,75.0,0.00023448799018010384,0.002579367891981142,0.2364614831567603,26.20807022253117,3523.566083765332
0.295817,0.288549,0.083261,-0.550603,0.416725,0.030208,0.246833,5.9907,0.315299,0.3030631493852205,5.0,9.0,-0.318917,-1.155901,0.010473971766735233,0.013155424612314032,0.0033374577357423545,0.17135417692615013,0.0,118.44228123576877,0.0016626437175768004,75.0,0.00030229885774123643,0.0033252874351536008,0.393854629584231,55.094724989244746,8792.367960646427,0.271135,0.264551,0.069987,-0.520345,0.435756,-0.001747,0.218428,5.3177,0.27988,0.26507937776951523,4.0,9.0,-0.197488,-0.672017,0.006204717564323612,0.011594967890952903,0.0023485311136930602,0.15195406461118494,0.0,110.56991781197927,0.0013967659518828973,100.0,0.0002539574457968904,0.0027935319037657945,0.30888059300452586,36.78835243146993,4822.293302242515
0.232051,0.227009,0.051533,-0.447342,0.317896,-0.024121,0.195768,4.0354,0.21239,0.31789619040767797,3.0,9.0,-0.250877,-1.005583,0.00589333266813405,0.005560915302202407,0.0012852495316729147,0.1529746164617462,0.0,100.34784048210706,0.0010231014231270772,75.0,0.0001860184405685595,0.0020462028462541544,0.20533203680994533,26.60196334254547,4104.618444795812,0.353274,0.345011,0.119032,-0.520345,0.658974,0.045576,0.307634,8.3082,0.437276,0.4357557567659476,5.0,7.0,0.041808,-1.190579,0.009429224142756537,0.025917748239470705,0.004373716026468297,0.25020947029736357,1.0,134.5007102021146,0.002371245410429784,100.0,0.00043113552916905165,0.004742490820859568,0.6378683835326213,102.67905951881743,19158.414123620652
0.241174,0.235553,0.055485,-0.421491,0.605238,-0.056858,0.187798,4.4594,0.234704,0.6052383889111305,4.0,6.0,0.649132,0.454334,0.005923028912973268,0.010113217139936728,0.003243366008808331,0.13797087139380249,0.0,129.62118933931902,0.001105133868164102,100.0,0.00020093343057529125,0.002210267736328204,0.28649753274118617,43.038909335891915,7176.942344951762,0.368514,0.359431,0.129191,-0.824526,0.658974,-0.059602,0.306648,8.2718,0.435355,0.6589744484006206,5.0,6.0,-0.16783,-0.481328,0.012944859677085455,0.042474483930121515,0.012455960819808945,0.24526225364785478,1.0,127.53037604122562,0.002580252155888392,100.0,0.0004691367556160713,0.005160504311776784,0.6581210554432595,105.08036307127072,19767.279211232155
0.382932,0.373573,0.139557,-0.693973,0.771921,-0.036069,0.308536,9.8817,0.520092,0.6052383889111305,7.0,5.0,0.200467,-0.658814,0.017052201434073877,0.04630396235796256,0.010515622414982832,0.21992290156008304,1.0,151.80047092425346,0.002786103875950262,150.0,0.0005065643410818658,0.005572207751900524,0.8458637608262752,141.83155606167918,25484.596805805493,0.302094,0.294822,0.08692,-0.824526,0.427679,0.004171,0.219723,4.8501,0.255271,0.4276786864317333,3.0,10.0,-0.934528,0.788342,0.02773494586594974,0.03001241094922899,0.01938738030021063,0.11804896766479352,0.0,85.96944171126529,0.0017339554837152227,75.0,0.0003152646334027678,0.0034679109674304455,0.2981343697743693,32.00994975954433,4238.452797509534
0.409258,0.398988,0.159192,-0.693973,0.771921,-0.066238,0.355925,9.396,0.494527,0.5373283486593237,5.0,7.0,0.151016,-1.131105,0.00547587203043354,0.04705815328230846,0.0062200819687022405,0.2965864977913266,1.0,139.5338666690511,0.003182350756852551,125.0,0.0005786092285186456,0.006364701513705102,0.8880914124016355,138.06419717656385,23473.18734257925,0.194851,0.190195,0.036174,-0.414337,0.338367,0.007354,0.145754,3.1496,0.165768,0.3383673188178667,3.0,7.0,-0.181518,-0.159395,0.0001323326709180732,0.00366725799876408,0.00019832660566649832,0.08055452477444368,0.0,86.66774456774665,0.0007213745998101167,50.0,0.00013115901814729394,0.0014427491996202334,0.12503981910800732,17.08943536902477,3202.693570218308
0.289985,0.282675,0.079905,-0.456548,0.449468,0.054241,0.235938,5.5472,0.291956,0.4494680434023801,4.0,7.0,-0.298072,-1.060522,0.005707517504837272,0.012271405884077314,0.0014445040104092061,0.16624275166195845,0.0,110.46177874648275,0.0015977359100967238,100.0,0.0002904974381994043,0.0031954718201934475,0.3529775011928291,44.801892655776136,6436.595738898364,0.307846,0.303342,0.092016,-0.821121,0.60339,-0.010352,0.225647,6.2008,0.326358,0.3229767832424307,6.0,3.0,-0.468784,0.843839,0.02478675216330651,0.034489907878432285,0.016424270038096357,0.1478425375049649,0.0,143.7829569376799,0.0018006176891159058,225.0,0.00032738503438471016,0.0036012353782318117,0.517796271310754,94.78171152489485,19042.707387730054
0.225241,0.220502,0.048621,-0.424934,0.281075,0.07867,0.184447,4.9141,0.258635,0.2760499723071853,4.0,3.0,-0.751412,-0.524475,0.004964445073109216,0.005218411106520649,0.0012357494436971749,0.13517185292095665,0.0,130.26408333921535,0.0009639395309147155,75.0,0.00017526173289358465,0.001927879061829431,0.25113339877807733,40.372355986452355,7295.624228437803,0.347923,0.343085,0.117707,-0.821121,0.60339,0.144319,0.281891,6.7102,0.353169,0.6033896289804642,4.0,5.0,-0.857344,0.314132,0.01533426462508226,0.03874297858345726,0.015056875184647859,0.21057757010843153,0.0,128.6739774463631,0.0022999531293794832,100.0,0.00041817329625081515,0.0045999062587589665,0.5918882341949357,99.4332877296392,18957.835638648306
0.259951,0.253418,0.06422,-0.406198,0.395415,0.07512,0.227753,5.6145,0.295501,0.23701838682432932,5.0,7.0,-0.287128,-1.342295,0.00562757371979169,0.006933930918284037,0.0010132388527886586,0.190976153595846,0.0,124.69339146795916,0.0012839153678785085,75.0,0.00023343915779609246,0.002567830735757017,0.32019152315720734,45.0687118054883,6925.354015744271,0.39784,0.389047,0.151357,-1.037077,0.461863,0.166592,0.321544,6.7687,0.356246,0.36412494870875456,3.0,9.0,-1.081039,0.623064,0.048771493498550256,0.07485986313635191,0.06013998989565551,0.24283849079163408,0.0,99.21218317266275,0.0030072511677806547,75.0,0.0005467729395964827,0.006014502335561309,0.5967119074081165,79.2299501126973,13063.579038737686
0.327443,0.319274,0.101936,-0.586171,0.651882,0.049326,0.26061,7.7754,0.409231,0.39541456590873086,6.0,6.0,0.073414,-0.57536,0.00030698626216429936,0.02511916157064622,0.0016226293758336823,0.17223406838404887,0.0,150.11895523598645,0.0020371619634351524,100.0,0.0003703930842609368,0.004074323926870305,0.6116332511947518,104.61836365123916,19599.02632451793,0.366736,0.361252,0.130503,-1.037077,0.454906,-0.059898,0.272746,5.406,0.284528,0.4549060664548169,4.0,9.0,-0.778326,0.811994,0.05572866008502394,0.07176775026311737,0.061085767733297235,0.18408123588368552,0.0,91.2664759427696,0.0025554091548801172,75.0,0.0004646198463418395,0.0051108183097602344,0.4664463763155988,58.691792179214005,9693.245564551344
0.319822,0.312388,0.097586,-0.586171,0.651882,0.064415,0.257271,7.8487,0.413088,0.6518820972542119,6.0,6.0,-0.056079,-0.493525,0.004242647850530488,0.02377045109587808,0.002254343362519585,0.1748787041771923,0.0,148.4341745384324,0.001943437403995776,125.0,0.00035335225527195925,0.003886874807991552,0.5769450536584539,96.82769456530218,17631.052846458395,0.180995,0.176595,0.031186,-0.320629,0.412508,0.041025,0.148404,3.7426,0.196979,0.41250786045804333,5.0,8.0,0.248076,-0.370956,0.0021129586025179473,0.0026021732680386327,0.0004570646562107073,0.12028778354906573,0.0,117.8706829532847,0.0006224250326038935,125.0,0.00011316818774616245,0.001244850065207787,0.14673132736048283,21.208185545955452,3547.5326683524722
0.260879,0.254458,0.064749,-0.377546,0.512295,-0.062344,0.224115,6.0607,0.318985,0.28492104995913425,5.0,8.0,0.328001,-1.052761,0.0035084567413877035,0.007967114817100648,0.0014539526948478558,0.16469040987809067,0.0,152.06438407987585,0.0012930961207445377,225.0,0.00023510838558991594,0.0025861922414890754,0.3932677303141898,71.71710124677469,14357.204781373626,0.243601,0.237985,0.056637,-0.618573,0.319116,0.091035,0.194319,5.1615,0.27166,0.21962966056758193,5.0,6.0,-1.03477,0.574751,0.011107038027298148,0.010552337646360363,0.004784839619663554,0.14854959014424038,0.0,116.3152620759408,0.001127491490699818,175.0,0.00020499845285451237,0.002254982981399636,0.262288936458285,36.48875334645817,5685.087258720367
0.322332,0.314434,0.098869,-0.925364,0.512295,-0.038275,0.241969,5.9512,0.313221,0.5122947068539377,5.0,9.0,-0.929261,1.317169,0.03263080088269482,0.04364134882072683,0.032342453532786655,0.15341982233046841,0.0,117.2971716562655,0.001974057628320581,75.0,0.0003589195687855602,0.003948115256641162,0.4631027529769591,65.72706376892548,10968.524689623297,0.303412,0.295795,0.087495,-0.618573,0.359234,0.132984,0.25627,6.9291,0.364688,0.2784449815777509,5.0,7.0,-0.664687,-0.907556,0.015564353268194048,0.015598105068517082,0.005740995653303829,0.19691718914870035,0.0,125.53467786679164,0.0017491228460079816,150.0,0.00031802233563781485,0.0034982456920159633,0.43915114604611555,61.8993931629079,9340.077878388
0.287023,0.283745,0.080511,-0.925364,0.3969,0.071431,0.206649,5.2765,0.27771,0.2731586055779546,5.0,8.0,-1.882853,4.597497,0.029985073898283626,0.039777796995008115,0.032942893034973685,0.14280966841081613,0.0,109.97797796663966,0.0015652643891973645,125.0,0.00028459352530861175,0.003130528778394729,0.3442892250142269,46.84477848437871,7315.467090376933,0.271317,0.265093,0.070274,-0.440321,0.431093,-0.051363,0.233821,6.4053,0.337119,0.35923387474599017,5.0,7.0,0.182134,-1.203772,0.0005161810908435215,0.008678976889890727,4.769209727659031e-06,0.18379501682219232,0.0,129.1150208347289,0.001398648948793473,125.0,0.00025429980887154053,0.002797297897586946,0.3611731763278819,51.50460484712047,7778.374890210769
0.284198,0.277095,0.076782,-0.540758,0.622605,-0.054817,0.21667,6.3417,0.333776,0.25964558236629964,6.0,6.0,0.005766,-0.073034,0.001775706084726266,0.017259894995629986,0.0015114328972584275,0.15212767747822598,0.0,131.3904710995646,0.0015346064890006715,150.0,0.0002790193616364857,0.003069212978001343,0.403265339084494,63.443213071429994,11034.990777265255,0.233184,0.228048,0.052006,-0.37335,0.431093,-0.097173,0.201656,4.4198,0.232621,0.372597914924815,4.0,7.0,0.440212,-0.962052,0.0022633197405165367,0.005159865035601211,0.0006680741543290743,0.1635495895257054,0.0,98.84544561251177,0.0010331233166061711,25.0,0.00018784060301930383,0.0020662466332123423,0.20423906920522614,28.86685447551229,4835.941142911934
0.377066,0.369769,0.136729,-0.749689,0.622605,-0.024451,0.296597,7.691,0.404789,0.6226051774943964,5.0,9.0,-0.138107,-0.683369,0.02342736733835381,0.04472838545614124,0.011969661303089576,0.18695104402910434,0.0,106.87517536494865,0.0027013967738948133,100.0,0.000491163049799057,0.0054027935477896265,0.5774245078806294,80.49875609259283,12856.718196816397,0.218539,0.213007,0.045372,-0.387879,0.313857,0.032116,0.187311,4.2947,0.226037,0.2873658728253909,4.0,9.0,-0.297225,-1.120139,0.002994064238090385,0.00388027159189326,0.0005839289144327843,0.15366875315876238,0.0,98.00782825892794,0.0009074251565325166,100.0,0.00016498639209682118,0.0018148503130650331,0.17786953779853937,21.99478483514673,3325.2437453642196
0.310457,0.302617,0.091577,-0.749689,0.559571,0.022693,0.221001,5.2731,0.277534,0.5595714314498632,5.0,9.0,-0.720273,0.643288,0.01898026258774952,0.03026854769767339,0.012692398972222518,0.11873366670858139,0.0,106.84715962467352,0.0018312829249504854,125.0,0.00033296053180917914,0.003662565849900971,0.3913347580002471,55.19935969308811,9212.556946729173,0.261097,0.255824,0.065446,-0.432187,0.500628,0.032116,0.211247,6.0437,0.318091,0.31385748730991414,5.0,9.0,0.031953,-0.660957,0.005621918900223765,0.010131430849391693,0.001698545794696907,0.1558069020902878,0.0,117.06803653872203,0.0012952605755727237,125.0,0.0002355019228314043,0.0025905211511454474,0.3032672247766275,38.36602309674479,5194.893433751573
0.407991,0.397682,0.158151,-0.866823,1.029256,0.029704,0.288127,7.5109,0.395313,0.351128729413843,5.0,9.0,0.04737,0.930569,0.004963188705189326,0.09835498391329478,0.026999623548887897,0.1566958044767452,1.0,124.21620795580532,0.003162669159475718,125.0,0.0005750307562683124,0.006325338318951436,0.7857095400176957,108.30197054418704,16266.682900552265,0.360675,0.353562,0.125006,-0.646431,0.703691,-0.07938,0.288159,7.0261,0.369797,0.5006283092047965,4.0,7.0,0.296404,-0.564987,0.0011653105753006722,0.03630318832752964,0.0018348624136295185,0.20051679116342183,0.0,108.48721280522962,0.0024716482410278968,125.0,0.0004493905892777994,0.0049432964820557935,0.5362844574081298,67.87594123374163,10015.175515475048
0.435573,0.426763,0.182127,-0.866823,1.029256,-0.024956,0.321994,9.2503,0.48686,1.0292556131639323,4.0,10.0,0.381117,0.412823,0.0055752090445212645,0.1078435228783354,0.02883248081357116,0.19438394784144147,1.0,134.83777831933153,0.003604746796845938,100.0,0.0006554085085174432,0.007209493593691876,0.9721120989808659,147.1678623369495,24919.546389756717,0.360653,0.352015,0.123914,-0.646431,0.703691,-0.067152,0.289629,7.3561,0.387165,0.7036910944501197,4.0,7.0,0.226909,-0.625258,0.0029386568609007717,0.03578214217424748,0.0029569547450397993,0.20136566374937948,0.0,114.19295298357592,0.002471335230241391,100.0,0.0004493336782257074,0.004942670460482782,0.5644181355072199,78.74855359818035,13065.091756513202
0.261902,0.255323,0.06519,-0.519978,0.604918,-0.032589,0.202735,6.2485,0.328866,0.6049175726676126,5.0,6.0,0.296721,-0.029322,0.005949658505936831,0.012727062259080213,0.0023954051750379197,0.13405259978512954,0.0,147.83243840899084,0.0013032609350109269,125.0,0.00023695653363835033,0.0026065218700218537,0.3853284838116933,67.10545102413522,12932.944040421788,0.280559,0.277162,0.076819,-0.457513,0.566618,0.07175,0.232326,5.3943,0.283908,0.3097869858191268,5.0,9.0,-0.244533,-0.719526,0.0052271797502628815,0.012768115210302907,0.0015805791631723222,0.1698471522376213,0.0,109.82701866929379,0.0014955567834561878,100.0,0.00027191941517385235,0.0029911135669123757,0.3285050855552634,49.293561096413214,8753.807556983582
0.237003,0.231869,0.053763,-0.393745,0.376312,0.00094,0.197099,5.26,0.276842,0.29112236046434486,4.0,4.0,-0.032951,-1.196431,0.002808502939546426,0.005231706367755336,0.0002578993665155465,0.12854449095282774,0.0,132.49174185557507,0.001067235599302101,50.0,0.00019404283623674563,0.002134471198604202,0.28279980704362784,48.01929168631251,9253.858146011056,0.217469,0.21204,0.044961,-0.457513,0.349686,0.020303,0.154234,3.7899,0.199466,0.34968582135613563,5.0,8.0,-0.724807,-0.015111,0.007673901174103109,0.006191951179946762,0.001812806776402926,0.0732295109006541,0.0,105.25336736979314,0.0008985639254000755,75.0,0.0001633752591636501,0.001797127850800151,0.1891537578907551,24.207752880814326,3614.615554702915
0.246752,0.24094,0.058052,-0.393745,0.540402,0.025851,0.19146,5.5468,0.291937,0.3763118972802489,4.0,5.0,0.215856,-0.41801,0.005519041472659596,0.008885384022000863,0.0019175014654718389,0.1269099752782086,0.0,127.17725990993213,0.0011568418862660478,125.0,0.00021033488841200868,0.0023136837725320956,0.2942479624887066,42.858290359091676,6760.585694504228,0.258339,0.253192,0.064106,-0.595886,0.516866,0.020303,0.188107,5.3301,0.280531,0.2300993491539061,6.0,5.0,-0.355362,0.314158,0.0006075298204290758,0.012988566252697922,0.001554897697889273,0.08965895608160045,0.0,138.36009784597684,0.00126804340080012,200.0,0.0002305533456000218,0.00253608680160024,0.35089321801529966,59.486649391788966,10964.905063811366
0.306959,0.299725,0.089835,-0.611312,0.559881,0.044206,0.218859,7.3109,0.384786,0.5404016448952771,4.0,8.0,-0.233852,0.005159,0.001434615902939453,0.023802308190516624,0.0014806574400023404,0.12393010368979444,0.0,138.21209935107225,0.0017902527334610796,125.0,0.0003255004969929236,0.0035805054669221592,0.4948691773213028,77.71157061705577,13373.777208859574,0.298626,0.291081,0.084728,-0.595886,0.516866,0.104336,0.249305,6.3487,0.334143,0.2536242063287089,5.0,8.0,-0.312786,-0.77213,0.0069096863388084795,0.015897463794271434,0.002694135472794629,0.2020501488571245,0.0,135.3664411223401,0.0016943672896903852,200.0,0.0003080667799437064,0.0033887345793807704,0.458720939918985,72.78149047967909,12695.921444714417
0.312647,0.305151,0.093117,-0.611312,0.559881,-0.003696,0.232976,7.0629,0.371734,0.5598808950945584,5.0,7.0,-0.014499,-0.421752,0.004874987306332937,0.022401740897753496,0.0025595768968258333,0.11586666314817196,0.0,139.31089180408074,0.0018572155947031398,125.0,0.00033767556267329815,0.0037144311894062795,0.5174607215410811,82.60137792112779,14351.478365965959,0.243033,0.238223,0.05675,-0.454302,0.282967,0.085852,0.209002,4.3411,0.228479,0.24879593213594187,4.0,7.0,-0.470261,-1.295309,0.010520499829309436,0.006214435641722515,0.0018520665930244137,0.1755161890523254,0.0,113.87768835822345,0.001122231326796009,75.0,0.0002040420594174562,0.002244462653592018,0.2555942185974231,33.70563162726727,5122.392629596874
0.264717,0.258918,0.067039,-0.52026,0.460222,-0.008739,0.214196,6.0897,0.320511,0.34827482350134326,6.0,5.0,0.139376,-0.74875,0.0019339621682885662,0.009956856506920648,0.0004899796831296434,0.12934650984798773,0.0,139.42119194570097,0.001331427121937347,175.0,0.00024207765853406308,0.002662854243874694,0.3712583126586781,59.02910424860589,10314.552408894922,0.316146,0.308162,0.094964,-0.7771,0.458676,0.080393,0.247235,6.9231,0.364372,0.2829668894023518,4.0,7.0,-0.706194,0.000428,0.021674553766929068,0.027351915129476233,0.014045069271455699,0.1815855919532922,0.0,129.07313902035855,0.0018990208867805895,125.0,0.00034527652486919806,0.003798041773561179,0.4902251738439912,69.2548441288504,10687.642712436618
0.285232,0.281071,0.079001,-0.52026,0.771469,0.04494,0.215744,5.5387,0.291511,0.22465627043260888,5.0,4.0,0.503938,0.672899,0.020490586455203734,0.024528885016347896,0.012519503555905729,0.14958273068531142,0.0,131.4297009755662,0.0015457918506437518,100.0,0.0002810530637534094,0.0030915837012875035,0.40632592140115076,67.26723570170577,12697.692150095394,0.35157,0.34267,0.117423,-0.7771,0.732892,0.004239,0.264235,8.0633,0.424385,0.3850621754176847,5.0,8.0,-0.082438,0.000356,0.0036739518531479177,0.041382585907471195,0.0035186688278255824,0.17219176498237307,0.0,131.17083152726116,0.0023484323079832423,100.0,0.0004269876923605895,0.004696864615966485,0.616091637247294,94.69735677084402,16606.389676488845
0.309885,0.302733,0.091647,-0.631112,0.771469,0.058787,0.236955,7.3728,0.388043,0.2618781371747978,5.0,5.0,0.140153,0.522916,0.009479370271492572,0.029865754729272692,0.0081170486481943,0.17427224805612815,0.0,126.14013291797698,0.0018245429119270224,150.0,0.00033173507489582223,0.0036490858238540447,0.46029617085005475,69.87580397023255,11943.873757917117,0.2894,0.282073,0.079565,-0.36268,0.732892,-0.043443,0.205993,6.4513,0.339542,0.7328923706473224,5.0,7.0,1.170582,1.045141,0.026308384071599127,0.025624352472818322,0.015318183167315796,0.1194447589667605,0.0,140.88883181809146,0.0015912989306754392,150.0,0.0002893270783046253,0.0031825978613508783,0.44839249483248145,76.4893707259628,14751.529313950108
0.380073,0.37207,0.138436,-0.631112,0.968003,-0.061388,0.305446,8.6852,0.457116,0.9680034693498379,5.0,6.0,0.661787,0.488854,0.019321236268411684,0.062029233251148605,0.03433447468781986,0.23865150028621407,1.0,125.4249362728443,0.002744658387499867,100.0,0.0004990287977272485,0.005489316774999734,0.6884972066857968,103.1002228966299,17424.384167458542,0.312326,0.304566,0.09276,-0.340973,0.934016,-0.065405,0.210098,6.9143,0.363913,0.6423974991446131,7.0,5.0,1.644065,2.451166,0.04902464701832031,0.04862782408998832,0.04051194385756396,0.11842855082910968,1.0,168.10468728215238,0.0018533975878178314,150.0,0.0003369813796032421,0.003706795175635663,0.6231296438192242,115.55455154963789,22916.166319390242
0.427201,0.416415,0.173401,-0.566711,0.968003,-0.096158,0.347336,8.5843,0.451805,0.9680034693498379,4.0,9.0,0.611235,-0.301204,0.04675064966961153,0.08204081798256899,0.05108844209323891,0.2763516583619705,1.0,113.88854433186194,0.003467516623983145,100.0,0.0006304575679969355,0.00693503324796629,0.7898208415039453,101.1921359981717,14764.614224334186,0.320781,0.312764,0.097822,-0.370496,0.934016,-0.072847,0.237048,8.2457,0.433982,0.2378419021326913,8.0,4.0,1.264329,1.567734,0.04103208795868725,0.04494755235941121,0.03627760930080744,0.16950867088378702,1.0,176.67405855474152,0.001955105161266414,200.0,0.0003554736656848025,0.003910210322532828,0.6908327274845195,129.4865036211897,25217.913475670226
0.470129,0.45826,0.210002,-0.566711,1.212825,-0.115765,0.363373,10.1368,0.533514,0.39800839929275594,4.0,8.0,0.942562,0.472759,0.0871164717355343,0.15108945753765923,0.13897384426749748,0.26465394560202715,1.0,126.82234737143112,0.004199404692137434,100.0,0.0007635281258431697,0.008398809384274867,1.0651567212389428,151.39788482196278,23967.20285203503,0.25566,0.249354,0.062177,-0.370496,0.487124,-0.093567,0.222423,6.3267,0.332984,0.36246506936655287,6.0,7.0,0.321016,-1.027704,0.0032627653374029493,0.007453915991114249,0.0011117991791863373,0.19480789033719834,0.0,154.8789268724904,0.0012418743716157553,125.0,0.0002257953402937737,0.0024837487432315107,0.3846803399725931,64.34688465168523,11425.512931605195
0.380902,0.372236,0.13856,-0.542256,1.212825,-0.063242,0.250497,7.7328,0.406989,0.47900671188309585,6.0,7.0,1.681437,3.799494,0.0748657281250234,0.12049162849776456,0.12800187319187833,0.13646268354636823,1.0,140.79777670734654,0.0027566377784647984,125.0,0.0005012068688117815,0.005513275556929597,0.776256940790645,122.40416716839357,21356.31739442535,0.361786,0.352643,0.124357,-0.880735,0.587693,0.115991,0.290586,7.312,0.384841,0.35297667619149364,4.0,9.0,-0.774186,0.157372,0.03265098954862447,0.0483558481623679,0.02782667926766576,0.22341760443417397,0.0,119.2379312636936,0.0024868979669682495,100.0,0.0004521632667214999,0.004973795933936499,0.593065137690359,80.5437461824994,12594.884618681239
0.244454,0.238509,0.056887,-0.621196,0.532723,-0.040321,0.17656,4.5605,0.240027,0.21767190004836498,5.0,9.0,-0.253497,1.065463,0.0015851160194158796,0.012993655202871632,0.0021620914551023418,0.11158130993298898,0.0,111.73240399479758,0.001135393271367498,75.0,0.000206435140248636,0.002270786542734996,0.2537204393788163,36.865882830744475,6412.415106995624,0.35749,0.348491,0.121446,-0.880735,0.587693,0.085541,0.272939,7.099,0.373634,0.5876933289221107,3.0,10.0,-0.790594,0.243146,0.0356693433206133,0.04864854427945234,0.028306690343692608,0.1846756086920306,0.0,122.32802383769267,0.002428179676048066,75.0,0.0004414872138269211,0.004856359352096132,0.5940688425876174,85.39022301927072,14015.572321301119
0.264013,0.258334,0.066736,-0.621196,0.532723,0.006044,0.212828,5.1142,0.269168,0.5327225238938962,4.0,11.0,-0.353571,0.211098,0.0014880166779507424,0.01373742829722798,0.0022009304364843077,0.1718450112823355,0.0,108.40023785371741,0.001324352996375772,75.0,0.000240791453886504,0.002648705992751544,0.2871203596188341,40.46597041152732,6927.228475920549,0.216066,0.214012,0.045801,-0.42271,0.325293,-0.01932,0.178234,4.2198,0.222096,0.2029041696557699,4.0,7.0,-0.089318,-0.836462,0.005957099135582571,0.004770798213230826,0.0009721294984700489,0.13666134427217316,0.0,101.74422372124373,0.0008870059774932846,75.0,0.0001612738140896881,0.0017740119549865692,0.18049546923231446,22.8461776976643,3557.073393832813
0.207458,0.205268,0.042135,-0.369972,0.25301,-0.05076,0.179946,4.0714,0.214283,0.25034535196618934,4.0,9.0,-0.13827,-1.252684,0.005520969338708305,0.003390368885209763,0.0007569206311384381,0.14988671980137563,0.0,114.29426215653534,0.0008177338089862361,125.0,0.00014867887436113383,0.0016354676179724723,0.18692456467707014,25.537011670043423,4073.1448370387393,0.201602,0.198157,0.039266,-0.42271,0.346614,0.045924,0.159885,3.6046,0.189713,0.3252930682377741,4.0,6.0,-0.342952,-0.265556,0.0003796097027120793,0.00396239308551913,0.00023311125286500724,0.11879426407102087,0.0,86.77743550682102,0.0007722250729749684,75.0,0.00014040455872272152,0.0015444501459499368,0.13402342293367095,17.34172992755615,2949.0981022160254
0.243436,0.237539,0.056425,-0.431225,0.436322,0.003324,0.192666,5.0152,0.263957,0.21068033482848847,4.0,8.0,-0.019954,-0.694053,0.0021713739696792448,0.007363506524092811,0.0001683002500219096,0.1406180900642035,0.0,125.72923774232956,0.0011259564182125993,175.0,0.00020471934876592715,0.0022519128364251986,0.2831312843859075,41.379550320414225,6606.986109198675,0.401919,0.39331,0.154693,-1.204745,0.672365,0.058673,0.273085,7.8353,0.412385,0.34661446041997357,4.0,5.0,-1.217067,2.841415,0.056969138074712475,0.12843396104428845,0.11413228248837737,0.1596358587969654,1.0,139.44870829910477,0.003069233852053255,200.0,0.0005580425185551372,0.00613846770410651,0.856001392273424,148.44582900315643,28081.181769977484
0.265659,0.261996,0.068642,-0.431225,0.515902,0.060339,0.215303,5.4928,0.289094,0.43632154513244215,3.0,8.0,-0.069924,-0.722592,0.006885244568609466,0.010687870538707617,0.0018288797277571857,0.14722541275000267,0.0,117.32611161538776,0.0013409170077649361,75.0,0.00024380309232089746,0.0026818340155298722,0.31464915704000135,44.82534914381454,7204.793302872914,0.414748,0.406826,0.165507,-1.204745,0.672365,0.021346,0.288714,8.1753,0.43028,0.6502703985527394,5.0,8.0,-0.742065,1.593905,0.0715391345424472,0.13370174660375175,0.11824811715677605,0.17542791837461857,1.0,141.02982349104013,0.003268301400705525,200.0,0.0005942366183100954,0.00653660280141105,0.9218559393140389,160.50895638920753,30341.952925029567
0.239618,0.233716,0.054623,-0.387814,0.515902,-0.021753,0.202564,5.5796,0.293662,0.5159020409721274,6.0,7.0,0.214927,-0.692221,0.0013014409255698836,0.006795359753153868,0.0010670188153864702,0.1550029870627534,0.0,124.33929451444777,0.0010909199040888954,125.0,0.00019834907347070826,0.002181839808177791,0.27128842249236457,41.32805486264765,7141.585119872266,0.2044,0.200127,0.040051,-0.595025,0.243288,0.078494,0.161661,3.5803,0.188437,0.21806299802061016,4.0,10.0,-1.367387,1.973527,0.008545430758547773,0.007099942066788961,0.00362691088581275,0.12930229905742827,0.0,98.73840929720528,0.000793807201189806,75.0,0.00014432858203451018,0.001587614402379612,0.1567585206682961,20.283835099946767,3162.7481505406204
0.240112,0.234036,0.054773,-0.330048,0.546354,-0.013566,0.207549,5.7587,0.303091,0.25695510196819554,6.0,7.0,0.391063,-0.729158,0.005224234499729486,0.006838603095145506,0.002132485993417375,0.1691932867472613,0.0,141.3195906306208,0.001095423067411784,200.0,0.00019916783043850617,0.002190846134823568,0.3096094789079445,53.51649263411911,10303.353236605748,0.293768,0.287378,0.082586,-0.858498,0.613922,0.078494,0.207049,5.2595,0.276814,0.24328762022962885,4.0,9.0,-1.139316,2.694656,0.020698695138456444,0.035949391413298726,0.019204813993611652,0.13392520745705366,0.0,141.4658058641334,0.0016396975163998919,75.0,0.0002981268211636167,0.0032793950327997838,0.4639222610618575,77.3153699213089,14273.968667551682
0.293515,0.28645,0.082053,-0.771018,0.546354,0.079055,0.231657,5.8073,0.305649,0.5463544141916901,4.0,8.0,-0.782324,0.804712,0.014755919683728394,0.024526577235351798,0.01127560251254792,0.17203026725910364,0.0,116.64747926909152,0.0016368676949151757,50.0,0.0002976123081663956,0.0032737353898303514,0.38187298101772715,55.94575612295645,9363.724587169703,0.315738,0.307887,0.094795,-0.858498,0.613922,0.030313,0.217826,6.4854,0.341337,0.6139218361678279,5.0,7.0,-0.604025,1.23851,0.02027782827916144,0.038728981932344884,0.018785961482847204,0.1182826933463446,0.0,147.94516097961284,0.0018941239706273345,75.0,0.00034438617647769717,0.003788247941254669,0.5604529514996089,93.94308911199963,17039.75399779346
0.243301,0.237876,0.056585,-0.771018,0.292139,0.044163,0.172798,4.2079,0.221468,0.26217641401587716,3.0,7.0,-1.538109,2.601582,0.02367149390377436,0.019366179390235744,0.013732967643053004,0.12193725119830588,0.0,104.77646863118676,0.001124713995131458,100.0,0.0002044934536602651,0.002249427990262916,0.23568712125989588,31.345951519011557,4807.05002356305,0.268186,0.261396,0.068328,-0.624904,0.424088,0.022674,0.19901,5.9974,0.315651,0.3336022138057023,4.0,7.0,-0.495285,-0.126165,0.008963960741773832,0.013437397141120374,0.004245861883892316,0.11476373624352529,0.0,140.28619566934918,0.0013665489015038381,150.0,0.0002484634366370615,0.0027330978030076763,0.3834158931762032,61.90077755186574,11068.911305028834
0.356054,0.347045,0.12044,-0.588344,1.225278,0.010678,0.225186,6.0868,0.320358,1.2252779816093067,4.0,5.0,1.846971,5.257587,0.07797774382972224,0.12044612436617266,0.13420059889574926,0.13540592708566979,0.0,115.42347540029418,0.002408715088553757,125.0,0.0004379481979188649,0.004817430177107514,0.5560445335400039,76.04276526443883,11868.39683086565,0.254738,0.248529,0.061766,-0.624904,0.361112,0.036522,0.198003,5.3057,0.27925,0.3611124264575608,5.0,7.0,-0.71245,0.175005,0.00888244566153061,0.011633640374372901,0.004449400381894821,0.13555343325664104,0.0,131.2713782802331,0.0012329408661179572,100.0,0.0002241710665669013,0.0024658817322359143,0.3236996936666572,48.63393360487564,8127.2679184625895
0.364937,0.355903,0.126667,-0.588344,1.225278,-0.021796,0.231415,6.3543,0.334435,1.2252779816093067,4.0,9.0,1.880276,4.838104,0.08001906388806053,0.12147925454602893,0.13456303853055754,0.11102307859365855,0.0,116.74552514598665,0.0025303997433703557,150.0,0.00046007268061279194,0.0050607994867407115,0.590825693738084,80.27832691598094,12266.354666603424,0.282476,0.277697,0.077116,-0.440768,0.744843,-0.110395,0.219121,5.6258,0.296097,0.34416033996942114,4.0,8.0,0.993044,1.070498,0.012438404267986989,0.020984599096268135,0.010167034669514545,0.14637193639729434,0.0,117.39520429207171,0.001516057658760152,75.0,0.00027564684704730035,0.003032115317520304,0.355955797137416,49.804051443926696,7854.083248289663
0.314857,0.306917,0.094198,-0.999636,0.41119,-0.008589,0.210497,5.7799,0.304203,0.4032704315808127,4.0,10.0,-1.434818,3.270298,0.040193987371166986,0.0548775263964024,0.048335859339024755,0.10829043558467169,0.0,141.1014916908479,0.0018835598983337062,100.0,0.00034246543606067387,0.0037671197966674124,0.5315462226878955,89.1929289028401,17065.137094682737,0.359299,0.350218,0.122653,-0.440768,0.744843,-0.090496,0.288948,6.8043,0.358123,0.7448430811714246,4.0,6.0,0.707078,-0.64555,0.03164444389458332,0.03584293733585829,0.017967821955551747,0.18963585231008473,0.0,115.56683640738547,0.0024528167482124243,125.0,0.00044596668149316806,0.004905633496424849,0.5669285437559208,78.68103681445841,12835.415488249962
0.324633,0.316691,0.100293,-0.999636,0.41119,0.108391,0.23756,6.8081,0.35832,0.4111902038058679,5.0,8.0,-1.539298,2.791392,0.044774364519063595,0.05556705531141556,0.04928838659119937,0.17064453329952836,0.0,141.82882822394873,0.002002340412625527,75.0,0.00036406189320464127,0.004004680825251054,0.567979188856273,94.87582487611154,17836.672981379594,0.291681,0.287211,0.08249,-0.390547,0.659528,0.005363,0.234247,4.7505,0.250024,0.6595281761806476,4.0,8.0,0.400551,-0.607351,0.01916995473260109,0.017943719663800747,0.0076999445624968774,0.1739685539141587,0.0,104.00927298266971,0.001616476650312719,75.0,0.00029390484551140346,0.003232953300625438,0.33625712238497424,44.89244489899453,7523.23526940076
0.223633,0.219399,0.048136,-0.420634,0.385786,-0.042689,0.1952,5.5702,0.293168,0.22296997982771005,6.0,6.0,0.003327,-1.094155,0.0035445789249188993,0.004477166982346325,0.0005052896704681178,0.16612582526107858,0.0,139.5948716515235,0.0009502190684477568,125.0,0.0001727671033541376,0.0019004381368955135,0.26529141780158966,44.584290235119745,8416.158837958463,0.272465,0.272873,0.07446,-0.611223,0.416583,-0.048126,0.223856,4.297,0.226157,0.2515546564754753,3.0,10.0,-0.270857,-0.745493,0.01859103806605473,0.014166745487178773,0.005604420046880956,0.16828058111009292,0.0,92.3827804460941,0.0014105080024945024,50.0,0.0002564560004535459,0.002821016004989005,0.26061330222381673,30.630206590033723,4276.860071048805
0.249817,0.24406,0.059565,-0.346308,0.565413,0.005001,0.207225,6.1311,0.322688,0.3857863721422311,7.0,6.0,0.394415,-0.599682,0.008658190946255008,0.008914926879272981,0.0029684763068944025,0.16964166020129556,0.0,145.0481768217021,0.0011857655511630979,125.0,0.0002155937365751087,0.0023715311023261958,0.3439862626683761,57.5853864553694,10597.552794258263,0.341666,0.333041,0.110916,-0.626299,0.574982,0.06086,0.274521,6.5898,0.346834,0.4165834990165684,4.0,7.0,-0.415095,-0.733547,0.01393950389768788,0.027629396385428735,0.006240097424286109,0.20055025767481852,0.0,119.34844533872406,0.002217973775074524,75.0,0.0004032679591044589,0.004435947550149048,0.5294234437144105,79.04789037263512,13711.245783771981
0.205367,0.201264,0.040507,-0.346308,0.565413,0.015954,0.154128,4.7787,0.251513,0.5654129989693293,6.0,6.0,0.70846,0.861443,0.008213109006093093,0.00678188789840911,0.002793927691981321,0.11197948252914784,0.0,136.3922577963177,0.0008013393224234759,100.0,0.00014569805862245017,0.0016026786448469518,0.21859295889261854,34.20689598153434,5888.522441011724,0.259515,0.254419,0.064729,-0.626299,0.574982,0.033878,0.190565,4.86,0.255791,0.37539086982823444,4.0,6.0,-0.171843,0.798356,0.002491842024504048,0.015532185447354125,0.0009690222770927023,0.12649659002250688,0.0,125.73886160748604,0.0012796092963027574,225.0,0.00023265623569141043,0.002559218592605515,0.32179323243893004,54.74420205169754,10600.797350084298
0.205567,0.200405,0.040162,-0.388807,0.48039,-0.026549,0.159431,4.2063,0.221385,0.19971915944797064,6.0,7.0,0.472891,0.154431,0.004303658383432949,0.005151026260762879,0.0011317250380525313,0.11904477421150865,0.0,116.72805259222538,0.0008028981969120782,125.0,0.00014598149034765058,0.0016057963938241565,0.187441485910712,27.005739381059392,4493.7729289697045,0.209755,0.205592,0.042268,-0.361713,0.517444,-0.059644,0.157043,4.7828,0.251728,0.2915887210928705,5.0,4.0,1.036108,0.76762,0.006122815098015858,0.005931983946143832,0.0018679665377920693,0.10116649103237008,0.0,145.4718878754859,0.0008359489244342533,175.0,0.0001519907135335006,0.0016718978488685066,0.24321413640986547,42.06345012677578,7869.672191614721
0.278445,0.275003,0.075627,-0.569973,0.48039,-0.098509,0.229965,6.4964,0.341917,0.4803896554523094,6.0,5.0,0.30944,-0.438829,0.0037133692549993227,0.013671176391142853,0.0011516248258500723,0.1832970047133548,0.0,136.8252211170372,0.001473105672624411,75.0,0.0002678373950226202,0.002946211345248822,0.4031160187711937,68.35962337678596,12841.900159774985,0.233585,0.229109,0.052491,-0.361713,0.517444,-0.014125,0.1721,4.7551,0.25027,0.35415188391055163,4.0,6.0,0.608119,-0.450483,0.011179362653662647,0.007790510633306021,0.0025874464411019984,0.09495652048437289,0.0,129.03254619018549,0.0010366749223778352,200.0,0.00018848634952324276,0.0020733498447556703,0.26752960961184996,42.330694835769684,7422.426649425319
0.315736,0.308357,0.095084,-0.569973,0.525464,-0.01665,0.257638,6.2891,0.331003,0.4628303365626476,5.0,7.0,0.189825,-0.810276,5.5631659894580235e-06,0.01942439648673356,6.923157222194537e-05,0.18219284726365412,0.0,107.24847759129791,0.0018940996780524321,50.0,0.00034438175964589675,0.0037881993561048643,0.40627861375458174,60.17301911051984,10620.866856979617,0.171834,0.168556,0.028411,-0.317124,0.395427,0.00294,0.11807,3.082,0.16221,0.39542740183714087,4.0,8.0,0.467026,0.425686,0.0037991350895470745,0.002922943969725083,0.0006370060864609609,0.05724392609735299,0.0,106.22951560493733,0.0005610091700487852,75.0,0.0001020016672815973,0.0011220183400975703,0.11919146476842074,15.965732129272112,2502.9310523206227
0.255737,0.25339,0.064207,-0.480172,0.525464,0.076391,0.208602,3.938,0.207262,0.5254639998105155,3.0,9.0,-0.027051,-0.314541,0.008167233254767703,0.011068337326442381,0.002345112350512272,0.15315962092704125,0.0,73.5982579263297,0.0012426252325310504,50.0,0.000225931860460191,0.002485250465062101,0.18291010473917133,19.02985565489049,2662.392406023481,0.273215,0.26748,0.071545,-0.636273,0.676519,-0.006762,0.184305,5.3426,0.281188,0.3929418384515201,6.0,7.0,0.314458,1.343085,0.000577849241268153,0.021512838804693492,0.0018155633133613129,0.08847155738422331,0.0,149.35839257200055,0.0014182850924273197,150.0,0.00025787001680496724,0.0028365701848546395,0.42366556322755144,67.78699915375944,11438.98123417079
0.175783,0.171991,0.029581,-0.23986,0.317728,0.076391,0.159323,3.2086,0.168876,0.1715893627034026,4.0,10.0,-0.115125,-1.398232,0.000749028057966973,0.0013852878469699827,9.631706820210498e-05,0.14439378479950177,0.0,102.38760629283985,0.0005870904696616392,75.0,0.00010674372175666167,0.0011741809393232784,0.1202215757319887,16.511431410073502,2648.6010426320013,0.332256,0.324045,0.105005,-0.636273,0.676519,0.027929,0.263524,7.8337,0.412301,0.3929418384515201,6.0,5.0,0.06338,-0.549917,0.005758976654137124,0.027128744073420818,0.00264260065321771,0.1800909728869376,1.0,150.55953497802597,0.0020974835179313994,100.0,0.0003813606396238908,0.004194967035862799,0.631592286167651,109.19207373463713,20872.42990796358
0.270351,0.264014,0.069703,-0.853972,0.317728,0.055622,0.203888,5.8355,0.307131,0.31772798874149777,6.0,7.0,-1.418713,2.527897,0.029371886865291113,0.028462781614741382,0.02252409471620496,0.15671871513917826,0.0,151.65410854390143,0.001388705200021179,175.0,0.00025249185454930527,0.002777410400042358,0.42120569827898446,76.39511555798279,14929.64809935049,0.292107,0.284718,0.081064,-0.701465,0.464599,0.058905,0.224208,6.1146,0.32182,0.46459917540027895,3.0,7.0,-0.606213,-0.04821,0.014508519811770254,0.019516772499855027,0.00792314131750355,0.14507686306835701,0.0,117.21813630624098,0.0016211989060795269,75.0,0.0002947634374690049,0.0032423978121590537,0.3800678287047175,55.27660229375842,9407.053388857787
0.349997,0.341142,0.116378,-0.853972,0.620364,0.088062,0.269712,8.0528,0.423831,0.2951174217577141,6.0,5.0,-0.7053,0.284518,0.02721684388790136,0.0442334815270375,0.02137850612873727,0.18983190938976288,1.0,146.76402981440387,0.0023274575588891813,125.0,0.00042317410161621475,0.0046549151177783625,0.6831741011291429,110.86202668284777,19276.57974367761,0.239367,0.235113,0.055278,-0.701465,0.328525,0.048443,0.172186,4.7521,0.250112,0.3087686734291646,3.0,7.0,-1.073742,1.280879,0.018410174848584242,0.014547058191581239,0.008560848668845333,0.11028498913066756,0.0,118.68194796325125,0.0010886385470327605,100.0,0.00019793428127868373,0.002177277094065521,0.25840348677946307,36.594184783066794,5913.673319468138
0.295685,0.28848,0.083221,-0.589268,0.620364,0.082502,0.230655,6.0223,0.316963,0.6203643946798354,4.0,6.0,-0.181236,-0.263329,0.0011597459154115185,0.018739122970881334,0.0005621115792498692,0.15602278656319535,0.0,132.09591558856937,0.001661161950576389,125.0,0.0003020294455593435,0.003322323901152778,0.4388654176045638,65.76167581707101,10959.267861435063,0.301094,0.293592,0.086196,-0.560506,0.628666,0.048443,0.223199,5.943,0.312788,0.3285252906725467,4.0,5.0,0.110615,0.028515,0.0049775682411776516,0.02259518869143496,0.0030570141826856355,0.14729710418327766,0.0,144.03463382109206,0.0017224960140692024,225.0,0.0003131810934671277,0.003444992028138405,0.49619816528949645,88.11585221928542,17373.682816390396
0.165197,0.162233,0.02632,-0.419649,0.198691,0.008926,0.131137,3.0332,0.159643,0.13552279371401826,5.0,7.0,-0.708389,-0.247202,0.0045086273209204225,0.0021464685106192863,0.0007056166971919236,0.09259331131213366,0.0,120.60563957689257,0.0005185133514598388,150.0,9.427515481087979e-05,0.0010370267029196777,0.1250712687639439,18.372298595142613,2991.930746788851,0.550597,0.538441,0.289919,-1.099948,1.070403,0.080389,0.421151,11.979,0.630475,0.5594751574520779,6.0,7.0,-0.271364,-0.259119,0.004004596380073119,0.2233096292158802,0.023069329307516664,0.278761403909165,1.0,134.8562111277375,0.005759993365767962,75.0,0.0010472715210487202,0.011519986731535923,1.5535417628567432,255.25438714600153,48202.53467273056
0.238401,0.233309,0.054433,-0.435512,0.408097,0.008837,0.189141,4.649,0.244684,0.3725286761248891,4.0,7.0,0.059624,-0.640605,0.002657624091971803,0.006958201972298278,0.0005005614140769319,0.13306482635177597,0.0,113.10997981374797,0.001079868104271341,100.0,0.00019633965532206201,0.002159736208542682,0.24428771895128334,32.43126440759452,4992.083216637464,0.514349,0.501426,0.251428,-1.099948,1.070403,-0.006716,0.35981,9.9199,0.5221,1.070402887699916,5.0,9.0,-0.101654,0.291651,0.020389579402698057,0.2085849738670741,0.029027688165648102,0.20237840108346913,1.0,137.09498961657366,0.005026533400700778,150.0,0.0009139151637637778,0.010053066801401556,1.3782250887528675,214.9468266136872,37266.455131205104
0.520661,0.507897,0.257959,-1.390511,1.142583,-0.024446,0.393903,9.8498,0.518411,0.4080969842720353,3.0,9.0,-0.341731,1.270001,0.06060855369975663,0.2875444590091037,0.16259416072580452,0.297680582452963,1.0,132.35433938118274,0.0051506694825329165,100.0,0.0009364853604605303,0.010301338965065833,1.363426913462925,196.7386480782225,30845.344700936537,0.231085,0.227829,0.051906,-0.516457,0.366359,-0.024166,0.171366,3.8796,0.20419,0.3131449582322385,5.0,9.0,-0.326906,-0.109285,0.008994554387176232,0.00831112192236531,0.002621163829505593,0.10602408813220976,0.0,116.84284118960637,0.0010146060947614686,125.0,0.0001844738354111761,0.002029212189522937,0.23709891760044197,32.75860736420636,4979.967863158091
0.496297,0.483998,0.234255,-1.390511,1.142583,0.073943,0.348356,8.7502,0.460536,0.3637223498108686,4.0,9.0,-0.58155,2.246794,0.05450954369623997,0.28340238171625753,0.16134192525050176,0.24363085007700466,1.0,133.1931698736275,0.0046798965957224855,125.0,0.000850890290131361,0.009359793191444971,1.246660524530152,182.58360353429447,29012.09114824068,0.180682,0.177281,0.031429,-0.267175,0.366359,0.00945,0.13587,3.1021,0.163268,0.19742265490735017,3.0,12.0,0.17415,-0.541858,0.002854595235812587,0.002519219564459367,0.000421336469865124,0.07041686886403394,0.0,94.77942287327383,0.0006202745030390372,50.0,0.00011277718237073403,0.0012405490060780743,0.11757851884209336,14.092602042799738,1938.116401235981
0.292209,0.284826,0.081126,-0.649447,0.439334,0.089714,0.231113,5.0287,0.26467,0.439333610004746,4.0,7.0,-0.814837,-0.245086,0.01957153895740885,0.01836263580305474,0.007930526473894242,0.1713325158760375,0.0,120.94412973323654,0.0016223321477290798,75.0,0.00029496948140528723,0.0032446642954581596,0.3924230994906922,54.36883886402201,8425.90056680578,0.164075,0.160982,0.025915,-0.355693,0.326624,-0.011526,0.124272,2.7938,0.147045,0.32662395939753786,3.0,9.0,0.099761,-0.011654,0.001014541832597134,0.001976836843889175,0.0001227514330433065,0.06879476770579689,0.0,96.70640050145595,0.0005114923952579534,75.0,9.299861731962789e-05,0.0010229847905159069,0.0989291768585293,12.07202275836218,1721.7025063076157
0.344935,0.336218,0.113042,-0.649447,0.566053,0.093372,0.267668,6.5506,0.34477,0.2970985560124959,5.0,7.0,-0.622014,-0.480148,0.022504443481541913,0.031885506292174626,0.010238652983388389,0.18000106822646744,0.0,121.83999640816535,0.002260625361689811,100.0,0.0004110227930345111,0.004521250723379622,0.5508691718969881,72.40531011526424,10256.87228659622,0.292403,0.289077,0.083566,-0.355693,0.766443,-0.040791,0.206935,6.2912,0.331118,0.2559411112332546,5.0,6.0,1.152718,0.675392,0.03858777893089862,0.03055905812330544,0.02042135523414821,0.12455924652567993,0.0,135.69328820950585,0.0016244879696290003,175.0,0.0002953614490234546,0.0032489759392580007,0.4408642285114858,73.63231740532969,13452.30427857127
0.280459,0.274084,0.075122,-0.641283,0.566053,0.042483,0.208007,5.0265,0.264555,0.2658802023155526,5.0,8.0,-0.347437,0.352201,0.002618799654651636,0.018330137017054802,0.002267430293059297,0.12281420272161722,0.0,123.08706596931769,0.0014944866451187665,100.0,0.00027172484456704845,0.002988973290237533,0.3679039525559958,51.98837698741013,8214.388980681952,0.517798,0.505976,0.256012,-1.25247,0.766443,0.109934,0.375502,9.2969,0.48931,0.4149959633259897,5.0,10.0,-1.126579,1.093027,0.11718762899094928,0.2466228383817422,0.22805352490285308,0.23663449237057557,1.0,112.389195822149,0.005094174404042501,100.0,0.0009262135280077274,0.010188348808085002,1.1450603292962236,154.6997423436589,24096.613731403126
0.464441,0.453396,0.205568,-0.759391,1.535785,-0.038978,0.303785,8.578,0.451475,1.5357845533940817,4.0,9.0,1.73155,4.613015,0.14495387020684608,0.30412410238796567,0.4111982877759431,0.1671780020585135,1.0,134.75010611545363,0.004098395297231643,125.0,0.0007451627813148443,0.008196790594463287,1.10451840241008,170.86142191925308,29448.454126577235,0.483468,0.475325,0.225934,-1.25247,0.565844,0.01733,0.346971,6.2822,0.330643,0.5658441623684338,4.0,10.0,-1.15846,0.820125,0.16295341966922855,0.22374801489439577,0.24980466055383518,0.15571695220508372,1.0,92.87536442133305,0.004441080225943664,75.0,0.0008074691319897571,0.008882160451887328,0.8249338888177878,94.04210502267487,12727.937173180304
0.458909,0.447535,0.200287,-0.759391,1.535785,0.05928,0.30397,8.0239,0.422312,1.5357845533940817,4.0,9.0,1.576098,4.343759,0.14993361906256186,0.302567585598295,0.41202319496502265,0.21328769440200898,1.0,134.48372278923532,0.004001357847321527,125.0,0.0007275196086039139,0.008002715694643054,1.076234999039439,168.0243044928168,29564.176508858294,0.288495,0.281414,0.079194,-0.544023,0.442196,0.01733,0.2379,5.1191,0.269429,0.4421955676977944,4.0,9.0,-0.342802,-1.001061,0.01028362942696868,0.012898491786639137,0.003189495279790964,0.12820640891204443,0.0,99.5547073012349,0.0015813578190601325,75.0,0.0002875196034654786,0.003162715638120265,0.3148632296301013,37.538034553154795,5381.305668638443
0.378954,0.37044,0.137226,-0.861256,0.881079,0.082784,0.291908,6.5005,0.34213,0.47298277455961707,3.0,10.0,-0.12076,0.582063,0.0055144282604087155,0.06663627863357982,0.00344312358901869,0.22252590705240763,1.0,142.17900340718623,0.0027285129128915655,100.0,0.0004960932568893755,0.005457025825783131,0.775874493477123,123.66426147341728,21652.09579971733,0.30193,0.295021,0.087037,-0.560086,0.593695,0.106502,0.249879,5.9191,0.31153,0.2588111611735198,4.0,9.0,-0.325548,-0.498568,0.0028778627682839284,0.018295671106808697,0.001118753603989824,0.18032657685305492,0.0,131.5832636052047,0.001732074375745926,100.0,0.00031492261377198655,0.003464148751491852,0.4558239983351931,73.9622541277689,13521.120112322737
0.39509,0.385944,0.148953,-0.861256,0.881079,-0.013076,0.306433,7.1174,0.374598,0.47298277455961707,3.0,9.0,0.167062,0.168773,0.001919891130281621,0.06928987578550061,0.0021909987159488553,0.21875326985314122,1.0,125.71822437497323,0.0029658265511426454,75.0,0.0005392411911168447,0.005931653102285291,0.7457168956276082,110.81756114931798,18542.95699279832,0.281422,0.274752,0.075489,-0.560086,0.593695,0.034229,0.227565,5.9938,0.315464,0.5936952034608678,4.0,7.0,0.065475,-0.359298,0.002221658502116438,0.01497602821874063,0.0003322012925581468,0.16004949223999645,0.0,148.9005609579276,0.0015047698841956518,175.0,0.00027359452439920944,0.0030095397683913036,0.4481221597386566,80.64669056496152,15727.540423933555
0.19654,0.191731,0.036761,-0.43704,0.338786,0.008223,0.150524,3.4388,0.180988,0.23300174766412565,2.0,7.0,-0.454549,-0.089165,0.004077935496116915,0.004036380880638146,0.0009333102396661393,0.09588096021604109,0.0,108.67634006975761,0.0007339305959518464,75.0,0.00013344192653669935,0.0014678611919036928,0.15952178206652545,24.106129686829508,4409.218733312737,0.303351,0.295688,0.087431,-0.652123,0.481483,0.090946,0.244048,4.6776,0.246187,0.32912154047226033,4.0,7.0,-0.573068,-0.451451,0.01567271829621794,0.019676927806587845,0.0066987709856486406,0.19146769563180702,0.0,109.79007989732393,0.0017484124998622575,100.0,0.0003178931817931377,0.003496824999724515,0.38391669610671425,53.067557042037514,8632.739119121728
0.242143,0.240682,0.057928,-0.483595,0.556732,0.049053,0.188627,3.6123,0.190119,0.338786335840269,2.0,11.0,-0.103071,-0.017234,0.0066342917252680015,0.009747800044033163,0.001729835466406974,0.10700981061395094,0.0,82.28818739205425,0.0011140351866642136,75.0,0.0002025518521207661,0.002228070373328427,0.1833438724031339,21.32361358909537,3081.5150719372205,0.313837,0.305896,0.093572,-0.652123,0.481483,0.114498,0.261844,4.4357,0.233458,0.48148295393968865,3.0,9.0,-0.52982,-0.708228,0.014647654222434192,0.01995498423293613,0.006537941901180573,0.211371638879812,0.0,89.63166421001266,0.0018713759970696922,75.0,0.0003402501812853986,0.0037427519941393844,0.3354690899600566,35.892661111550694,4602.14198146758
0.315226,0.307249,0.094402,-0.483595,0.556732,0.002284,0.26701,5.5281,0.290951,0.5567322287036172,4.0,10.0,0.267219,-1.15255,0.008230086073205214,0.016517095616320056,0.0032801795487416964,0.18466844912998692,0.0,98.19195261178085,0.0018879805058446123,75.0,0.0003432691828808386,0.0037759610116892247,0.37076898472372044,44.01113611625503,6200.818816254954,0.408075,0.397928,0.158347,-1.177025,0.811906,-0.01566,0.28573,5.5991,0.294687,0.3290763349259518,3.0,4.0,-0.662044,1.994122,0.0474382117402243,0.12715679004436792,0.09218113873592484,0.1874760622257728,1.0,125.85947555198112,0.0031639734620878325,75.0,0.0005752679021977877,0.006327946924175665,0.7964320811975212,126.75065140785456,23118.343135627307
0.286813,0.282675,0.079905,-0.448836,0.567256,-0.075714,0.226322,5.5342,0.291275,0.5078602004557632,4.0,8.0,0.768373,-0.216393,0.006887653012583869,0.015012795022072024,0.003735126988068151,0.13759332551698872,0.0,115.31041810034715,0.001562974548124129,75.0,0.0002841771905680234,0.003125949096248258,0.3604544972487889,52.64504770411748,9109.106864686028,0.427197,0.41697,0.173864,-1.177025,0.811906,0.06639,0.297845,7.1867,0.378249,0.8119058596097767,4.0,8.0,-0.879093,1.6977,0.051917359856311004,0.13608663514812366,0.09609007656738312,0.1895780871410645,1.0,118.44802704104487,0.003467447461989189,100.0,0.0006304449930889434,0.006934894923978378,0.8214246214821956,112.04328999546534,17233.923933998296
0.288208,0.281406,0.079189,-0.604835,0.567256,0.015366,0.212564,6.4771,0.340901,0.5672559143370675,5.0,9.0,-0.102604,-0.18362,0.006229386193900869,0.017821079282073653,0.0020068789770105173,0.10357412184057603,0.0,138.7877395794269,0.0015782159588956816,75.0,0.0002869483561628512,0.003156431917791363,0.4380740510066187,71.13989568817631,12734.280423063592,0.286101,0.278861,0.077763,-0.643376,0.464643,0.10278,0.242592,4.8585,0.255711,0.4646430867059145,4.0,12.0,-0.545242,-0.510331,0.01219760675980982,0.015131548600960784,0.00531178466295968,0.20931284246106796,0.0,116.706114979694,0.0015552181119328323,125.0,0.00028276692944233315,0.0031104362238656646,0.36300692757947145,53.74107817708244,9054.32674420159
0.286624,0.28026,0.078546,-0.604835,0.43742,0.076645,0.230909,7.5402,0.396851,0.4131190808506334,5.0,6.0,-0.510744,-0.524396,0.005887465694279146,0.014317369624200885,0.003152721369050379,0.14042112384132355,0.0,176.9424147515709,0.0015609118347809433,200.0,0.00028380215177835333,0.0031218236695618865,0.5523830185208903,106.73726297701015,21490.549526190483,0.280592,0.273613,0.074864,-0.658792,0.421185,0.047352,0.22886,5.1448,0.270779,0.234733643332684,3.0,10.0,-0.497579,-0.28837,0.012040586639814818,0.015538439778912732,0.005968853654491814,0.1641841374587483,0.0,120.78329141026538,0.0014959043771800742,50.0,0.00027198261403274076,0.0029918087543601484,0.36136050862166486,59.02800295136151,11299.096092989857
0.267101,0.260419,0.067818,-0.468887,0.439364,0.05582,0.212555,6.3168,0.332463,0.43742027900199465,4.0,4.0,-0.180219,-0.768194,0.0018516070242179856,0.010186147887659537,0.00024926542293348167,0.15372236593650232,0.0,142.3488149534954,0.0013555120334662113,75.0,0.00024645673335749294,0.0027110240669324225,0.38591106323823593,65.61932130160686,12260.955160545871,0.271034,0.265328,0.070399,-0.658792,0.421185,0.013599,0.19964,5.9115,0.311133,0.42118543834458233,5.0,5.0,-0.549738,0.027376,0.01533276725463184,0.016004240782788413,0.00644781503799266,0.1041199051667265,0.0,138.55372962554975,0.0013957240482939536,100.0,0.00025376800878071886,0.002791448096587907,0.38676554483839637,67.23329427668999,13108.544882640252
0.308595,0.300821,0.090493,-0.537266,0.541943,0.037224,0.24964,6.473,0.340683,0.43936418493060625,4.0,7.0,-0.014191,-0.893601,0.0017199322481280636,0.017260907428773557,0.0004080273151414451,0.1814984145915654,0.0,121.30292147225076,0.0018093846868893208,100.0,0.0003289790339798765,0.0036187693737786417,0.4389672971736566,61.304398566740154,9624.957569729278,0.26575,0.26026,0.067735,-0.463308,0.654755,-0.021663,0.182306,4.1753,0.21975,0.45864491907252375,4.0,9.0,0.581602,0.450892,0.015227739808407576,0.01681821429314264,0.00650962842081559,0.09814096043100405,0.0,98.16408515195648,0.00134184250932769,75.0,0.0002439713653323073,0.00268368501865538,0.26344148469231665,33.07739293609244,5029.7287941792665
0.287112,0.280479,0.078668,-0.537266,0.541943,-0.02684,0.246363,6.4592,0.33996,0.5419429224874216,5.0,7.0,0.039223,-0.919136,0.005304091120557568,0.012994027612389849,0.0009345798078469372,0.21088506435964408,0.0,131.35497745423592,0.001566230197997902,175.0,0.00028476912690870944,0.003132460395995804,0.41146426469231573,61.17807081766825,9850.044920036678,0.476369,0.464678,0.215926,-1.108723,0.893816,-0.041525,0.334453,8.3197,0.437882,0.45864491907252375,4.0,10.0,-0.405757,0.322778,0.028599396620219143,0.15185617303641633,0.05963672386321524,0.18839369552519095,1.0,103.03172669052591,0.004311619570276655,75.0,0.0007839308309593919,0.00862323914055331,0.8884672183165342,103.3017741958295,13561.340669200916
0.232349,0.22666,0.051375,-0.421482,0.46906,-0.020482,0.18894,5.1835,0.272818,0.37667270475864567,7.0,5.0,0.2,-0.63342,0.0037691274449602728,0.006339325851527379,0.0008321745481686148,0.1427736271149309,0.0,134.7877601058858,0.0010257340611732118,150.0,0.00018649710203149305,0.0020514681223464237,0.27651279313970173,42.181878459600334,7051.0056643365215,0.466116,0.456439,0.208337,-1.108723,0.893816,0.003063,0.332759,8.7207,0.458984,0.893815566000582,3.0,8.0,-0.308802,0.245084,0.056282945531285156,0.14574159163635123,0.06937212822972459,0.17677131960441322,1.0,109.06973658321841,0.004128024242037306,75.0,0.0007505498621886011,0.008256048484074612,0.9004850333762977,127.23245157231037,21951.31138211048
0.390267,0.38059,0.144849,-0.685611,0.806975,0.091745,0.296137,7.8869,0.415102,0.46905971365226173,6.0,5.0,-0.272651,-0.222999,0.009583566050761338,0.05752504676113118,0.0011426820425922497,0.19521704794498324,1.0,135.1527640086174,0.0028938543085208863,150.0,0.0005261553288219793,0.005787708617041773,0.782224816869688,113.619049010536,17419.74912711779,0.288792,0.283245,0.080227,-0.550776,0.470458,0.031181,0.23086,5.8518,0.307988,0.2646506728960158,4.0,6.0,-0.365005,-0.720369,0.0006055953471152157,0.01375733578082007,0.0011314466025730409,0.14797930752299795,0.0,121.42726098709211,0.0015846194581105137,75.0,0.0002881126287473661,0.0031692389162210274,0.38483200101041964,59.74065953087483,10719.16991361785
0.387818,0.378796,0.143486,-0.685611,0.806975,0.021907,0.289854,7.2909,0.383729,0.8069748110441912,4.0,8.0,-0.173641,-0.211431,0.019919756799519434,0.05836881278983662,0.004133143644330738,0.1893242331940685,1.0,128.40277080810094,0.0028576600906311833,125.0,0.0005195745619329424,0.0057153201812623665,0.7338629473295455,103.11584859170785,15463.937866208971,0.270033,0.263276,0.069314,-0.413886,0.470458,0.038629,0.224917,5.5243,0.290752,0.47045771867107455,5.0,8.0,-0.142175,-1.123874,0.0012412908367730104,0.008952929632573952,7.62574845067698e-06,0.16626318596076906,0.0,120.4451388956532,0.0013854371128030468,125.0,0.00025189765687328125,0.0027708742256060937,0.3337383309655115,47.38340536554839,7592.5425513932505
0.21531,0.210864,0.044463,-0.546741,0.381538,-0.030437,0.160841,4.3357,0.228194,0.2933983506049397,4.0,8.0,-0.461955,0.428025,0.0069955172399348104,0.007112058792636858,0.0022577360439142028,0.11537626509314877,0.0,106.27434751777962,0.000880809238730549,75.0,0.00016014713431464526,0.001761618477461098,0.18721485426744255,24.679058281382094,3832.201518043209,0.191781,0.188387,0.03549,-0.361986,0.255011,0.007687,0.153479,4.4387,0.233615,0.23274012252108994,6.0,5.0,-0.440621,-0.837543,0.005345405895662595,0.0030249425029764184,0.0007307596802925671,0.11252477620756503,0.0,136.26055450849017,0.00069882271952362,150.0,0.0001270586762770218,0.00139764543904724,0.19044394253083913,32.674155186942926,6358.168681345637
0.237851,0.232514,0.054063,-0.619899,0.396921,0.038921,0.174903,4.7246,0.248664,0.19151775884630626,4.0,8.0,-0.797301,0.995004,0.007052208488584838,0.01093335471737532,0.0038663175131812707,0.11801075409636996,0.0,125.3699657804842,0.0010748902812910913,100.0,0.00019543459659838024,0.0021497805625821827,0.2695179155664783,40.7611687082435,6848.74307521893,0.240758,0.234847,0.055153,-0.320283,0.788992,-0.016018,0.159362,5.1731,0.272267,0.25501090592963715,6.0,7.0,1.535278,3.657512,0.021381067347773446,0.020956745545458705,0.014972782993382613,0.08168372544607852,0.0,164.2344029867387,0.001101324581082108,225.0,0.00020024083292401965,0.002202649162164216,0.36175077013728024,66.102271655539,12932.902353228805
0.261975,0.255763,0.065415,-0.619899,0.406095,0.024926,0.199711,5.8238,0.306514,0.26207265950402675,5.0,7.0,-0.470934,0.150159,0.0049655246564441835,0.013015056584103896,0.0035180156213444717,0.13699179033001121,0.0,143.50653914876938,0.00130398216200626,150.0,0.00023708766581931998,0.00260796432401252,0.37425993436249655,58.68966868348846,9838.50900525039,0.274396,0.267498,0.071555,-0.452614,0.788992,-0.053576,0.189142,5.9713,0.314278,0.7889922834945605,5.0,8.0,1.140564,1.811841,0.020705540424115935,0.024177504252994145,0.0145883191290367,0.09162543525110457,0.0,172.368966155339,0.00143056530329253,125.0,0.0002601027824168236,0.00286113060658506,0.4931701246924647,95.4233014966444,20068.421015107953
0.229248,0.223637,0.050014,-0.440208,0.406095,-0.014831,0.173551,4.9803,0.262123,0.4060946503215597,7.0,5.0,0.008266,-0.358453,0.0013029515035298937,0.006607111844106011,0.00034391015444839234,0.10214764739167499,0.0,152.4161355039335,0.0009985384082094337,175.0,0.00018155243785626066,0.0019970768164188674,0.3043867306630622,51.62089456533514,9384.731017188116,0.193718,0.188864,0.035669,-0.452614,0.371692,0.001455,0.139844,4.485,0.236055,0.3319557019951255,4.0,4.0,0.023531,0.392111,0.0006277871194103211,0.0043180515344765245,0.0002667344118972045,0.06836183535155135,0.0,157.73495473023743,0.000713003480581879,100.0,0.00012963699646943255,0.001426006961163758,0.22493114346416881,41.50418402782979,8351.394415561328
0.173707,0.169493,0.028728,-0.440208,0.279706,-0.000147,0.11849,3.6211,0.190586,0.2797057064148718,7.0,5.0,-0.544621,0.601498,0.003323109825137944,0.0030536297337851247,0.0007911789552117389,0.05495597460953817,0.0,151.4827038282096,0.000573307050448576,150.0,0.00010423764553610473,0.001146614100897152,0.1736922042514521,28.451998465547383,4987.262685832114,0.264982,0.258412,0.066777,-0.578787,0.485361,0.001455,0.200054,5.5462,0.291906,0.31220049887802515,4.0,6.0,-0.116808,-0.126089,0.00030947015886722727,0.012747984507377491,0.001345855157782796,0.09844387938989903,0.0,127.21240000177363,0.001334092700357838,100.0,0.00024256230915597053,0.002668185400715676,0.3394262684747352,47.63515631166397,7272.832362428237
0.140557,0.137346,0.018864,-0.169313,0.36945,-0.018109,0.103681,3.0338,0.159673,0.26259816496615496,5.0,5.0,1.065855,0.588581,0.0032918104600972386,0.001382004364670387,0.00041350519523397156,0.06623723423818312,0.0,134.39165483829916,0.00037536954128174644,125.0,6.824900750577208e-05,0.0007507390825634929,0.10089306765749431,15.90334229369072,2809.464278269078,0.304959,0.299246,0.089548,-0.686181,0.485361,-0.045715,0.232423,6.9103,0.363699,0.41369578538003504,5.0,7.0,-0.319483,-0.197641,0.017605901918856498,0.02367261555799626,0.00908690094400278,0.15841402437847982,0.0,126.61354359660073,0.0017669982583198936,125.0,0.000321272410603617,0.003533996516639787,0.4474518220298068,64.51634817078452,10023.440612154736
0.194368,0.189512,0.035915,-0.512566,0.36945,-0.016473,0.143906,4.2023,0.221171,0.3694496427899569,5.0,3.0,-0.409757,0.865985,0.003325387863518056,0.00504092699533105,0.001344828979622246,0.0996595472351625,0.0,151.2202114720755,0.0007177976014278662,250.0,0.00013050865480506658,0.0014355952028557324,0.217091010164141,40.05489695818737,8380.14501275086,0.279941,0.272873,0.07446,-0.686181,0.418693,-0.00565,0.196638,5.6735,0.298606,0.24379859699486245,4.0,10.0,-0.831442,0.714737,0.01614416634591332,0.020368809538414405,0.00937558324227936,0.11739445758730337,0.0,110.63439228192482,0.0014889718911140996,100.0,0.0002707221620207454,0.002977943782228199,0.3294630005965535,42.60519976201306,6394.611736132709
0.282216,0.275071,0.075664,-0.620075,0.573633,0.059836,0.213611,6.3223,0.332753,0.27468883996435395,5.0,4.0,-0.426718,0.135871,0.008707706269059748,0.017925884362891217,0.003282549924386984,0.141427210168096,0.0,134.4993873298981,0.0015132706401008438,100.0,0.0002751401163819716,0.0030265412802016876,0.40706794791577244,63.80583346508173,11327.2109553216,0.288178,0.2828,0.079976,-0.573684,0.532925,0.018037,0.210108,5.3199,0.279994,0.3669664092020702,4.0,7.0,-0.292197,-0.233237,0.0013444396226787113,0.016882615246332416,0.0010451399670097846,0.11578640437897063,0.0,116.2614837178989,0.001577888847950154,75.0,0.00028688888144548253,0.003155777695900308,0.36689539720922215,51.32598227065621,8171.5846409684955
0.263992,0.257696,0.066407,-0.620075,0.573633,-0.014748,0.198148,5.3756,0.282926,0.573632717468604,5.0,4.0,-0.126771,0.400224,0.0049737185905782185,0.015106364121665949,0.0018586041288196904,0.12959225116085463,0.0,131.49668387869784,0.0013241420142435527,75.0,0.00024075309349882776,0.0026482840284871054,0.3482405677149733,56.13705622077257,10183.318928872266,0.290852,0.283897,0.080597,-0.489168,0.544971,-0.027149,0.214875,6.984,0.367578,0.3206234742407758,6.0,5.0,0.18401,-0.353003,0.0005135269464679247,0.016952257059889463,0.0012140595545330835,0.12686898333033375,0.0,152.96474265144306,0.0016073025850518938,175.0,0.00029223683364579885,0.0032146051701037875,0.4917212525709242,84.478499453182,15656.007440944628
0.195436,0.19061,0.036332,-0.359136,0.366035,-0.027555,0.153426,4.2318,0.222727,0.2343122340164824,4.0,7.0,0.252674,-0.614573,0.0010032948700779243,0.0031032060714922013,0.0001452423090045253,0.09936948111377035,0.0,119.7059994834056,0.0007257094650607354,125.0,0.00013194717546558826,0.0014514189301214708,0.1737435536993259,24.61027488839193,3814.397517001027,0.289552,0.282268,0.079675,-0.468922,0.587375,-0.040225,0.222436,7.6646,0.403399,0.5449705330835468,6.0,3.0,0.345081,-0.284209,0.006525180132360729,0.017081465689256038,0.0034029281196338796,0.15080625866482056,0.0,161.03990328641353,0.00159297143474237,225.0,0.0002896311699531582,0.00318594286948474,0.5130639315778613,96.86014398743782,19813.704907618645
0.395719,0.386871,0.14967,-0.586548,1.343397,-0.034108,0.256633,7.1077,0.37409,0.3233214227080673,4.0,9.0,1.705762,4.252284,0.11133056681327494,0.17308824052017707,0.2151471277683079,0.14675103951888585,1.0,124.34622729152089,0.002975280439279145,100.0,0.0005409600798689354,0.00595056087855829,0.7399297955172414,106.45065994062882,17116.45658143569,0.254082,0.247836,0.061423,-0.424419,0.587375,-0.08706,0.191308,6.2609,0.329521,0.5873750984442897,6.0,5.0,0.880349,0.387371,0.015146936662934565,0.013291331972986343,0.005507305355734784,0.13774144283094014,0.0,153.40759308464945,0.001226596332029665,200.0,0.00022301751491448455,0.00245319266405933,0.3763383819662608,68.26922274606135,13187.153658417239
0.401399,0.391256,0.153081,-0.586548,1.343397,-0.068515,0.27313,6.9236,0.3644,0.2963262717289032,4.0,10.0,1.801889,4.458485,0.10604852831068864,0.17301398769545612,0.2144846788496082,0.18089616282867232,1.0,124.40427135451023,0.003061299269345382,75.0,0.0005565998671537058,0.006122598538690764,0.7616774100020136,110.9834342304143,18413.078640794665,0.244196,0.238729,0.056991,-0.380817,0.556054,-0.040615,0.186878,5.5254,0.290809,0.556054435996649,6.0,5.0,0.782169,0.250549,0.01369327137867438,0.011327495597613188,0.004797053948115836,0.13934347233853434,0.0,143.69932610758076,0.0011329992660406565,225.0,0.00020599986655284663,0.002265998532081313,0.3256224620208519,57.43835456617229,11299.358325853196
0.240132,0.235689,0.055549,-0.51158,0.400911,-0.024996,0.200913,4.7264,0.248757,0.296912421779003,4.0,7.0,-0.135833,-0.793808,0.006320767203325732,0.007067120314487714,0.001547599641919793,0.15908351351004058,0.0,124.1646966549009,0.0010956049548070034,75.0,0.00019920090087400063,0.002191209909614007,0.272070913734436,43.77425929011988,8493.52249244943,0.280586,0.274667,0.075442,-0.528245,0.553456,-0.034851,0.22779,6.8158,0.358725,0.5534558871152985,6.0,6.0,0.122096,-0.587696,0.0032382046206512393,0.013531449411916452,9.739751882724012e-05,0.1727618638346073,0.0,147.53865343672604,0.001495843072399443,75.0,0.0002719714677089896,0.002991686144798886,0.4413893453089378,80.787953570437,16532.933751254815
0.240873,0.235116,0.055279,-0.51158,0.429755,-0.020464,0.182659,4.7672,0.250906,0.19697785010255695,4.0,7.0,0.103363,-0.177403,0.003436807239998935,0.008696305817152283,0.00010373193283201319,0.10958155344762131,0.0,121.49839384120142,0.0011023724564526707,75.0,0.0002004313557186674,0.0022047449129053414,0.2678729657475585,42.24330311682081,7928.461107509162,0.382582,0.374698,0.140399,-0.582836,0.699886,-0.127911,0.326648,9.3616,0.492716,0.39349764959603317,6.0,6.0,0.354104,-1.037973,0.0029934480240692935,0.036365752594959236,0.004208650002700054,0.25192504967696366,1.0,153.13496632638012,0.002781007564485654,250.0,0.0005056377389973916,0.005562015128971308,0.8517389994818381,163.19446754840567,34665.91331695088
0.223202,0.21759,0.047345,-0.432889,0.429755,-0.007329,0.167607,3.697,0.194581,0.4297550400543138,4.0,8.0,0.228806,-0.287327,0.002943139037066699,0.006120127546720696,0.0005844672066644414,0.09431660395453746,0.0,91.13494762567954,0.000946565695207006,75.0,0.0001721028536740011,0.001893131390414012,0.1725304301139109,22.585970205308513,3846.360347559154,0.351519,0.343565,0.118037,-0.582836,0.699886,0.045054,0.284083,7.8772,0.414588,0.699886272933651,5.0,6.0,0.073054,-0.804182,0.011932296021383609,0.031015538920048925,0.006339989524067055,0.19734132942993282,1.0,143.67915826193592,0.0023477421243119252,75.0,0.00042686220442035,0.0046954842486238504,0.6746432244744535,115.85705208061512,22047.178139692813
0.246883,0.240976,0.058069,-0.432889,0.365118,0.055096,0.200311,4.3862,0.230851,0.2560753077653697,3.0,8.0,-0.401322,-1.042425,0.007830747163448054,0.006909056689380265,0.0014716112325641472,0.14262776092488166,0.0,107.20846665665509,0.0011580717860207015,125.0,0.00021055850654921846,0.002316143572041403,0.24831020091522676,34.4542560882137,5638.288191743539,0.209539,0.204262,0.041723,-0.382839,0.335838,0.045054,0.176771,4.6523,0.24486,0.3358376120080808,4.0,8.0,-0.049877,-0.99951,6.495017460298423e-06,0.0034776270254086154,6.118027754530997e-05,0.14406495869660485,0.0,149.86385809379672,0.0008342253543523174,225.0,0.0001516773371549668,0.0016684507087046348,0.25004046024580595,43.89185752662782,8469.679192360603
0.233089,0.227201,0.05162,-0.412507,0.365118,0.069681,0.195721,4.516,0.237682,0.3651182712018342,3.0,9.0,-0.277777,-1.014363,0.0036555927784589167,0.005325263651401719,0.0006431682050965673,0.15968805423945362,0.0,117.55941088212519,0.0010322747512794917,75.0,0.00018768631841445304,0.0020645495025589833,0.24270722325781868,33.985009000167025,5574.111938746117,0.198088,0.193978,0.037627,-0.274378,0.3674,0.039203,0.168744,4.7173,0.248276,0.305647984777335,5.0,7.0,0.152704,-1.123962,0.003198434098506374,0.0027676297037813047,0.0004590226519333567,0.124279262002222,0.0,144.89949288849527,0.0007455413815626868,125.0,0.00013555297846594305,0.0014910827631253736,0.21605713623164297,36.4140025083304,6868.1191407861015
0.203582,0.198518,0.039409,-0.435309,0.313148,0.048914,0.17099,4.1945,0.220761,0.31314791021144134,4.0,9.0,-0.462041,-0.677283,0.002899580908405157,0.0035225332325400775,0.0006795965345771253,0.14110641947992053,0.0,107.60181751203388,0.0007874636144746385,75.0,0.00014317520263175244,0.001574927228949277,0.1694650322841333,21.344037884996304,3141.137517248943,0.228488,0.22308,0.049765,-0.58607,0.3674,0.051565,0.175871,4.9422,0.260118,0.2374601736855483,5.0,5.0,-0.808276,0.530897,0.006997509151616371,0.008272655336225922,0.003072521673311586,0.10947241885426967,0.0,123.95244877519866,0.0009919325687128095,100.0,0.00018035137612960173,0.001983865137425619,0.2459049418236515,36.866280729429405,6073.567180176877
0.274195,0.267254,0.071424,-0.489485,0.761382,0.04212,0.202022,5.2391,0.275741,0.2628061225935698,4.0,10.0,0.623679,1.394978,0.012085711536623332,0.022460831165932137,0.010600530901007755,0.14815778662783022,0.0,137.39041522229607,0.0014284753829076518,125.0,0.00025972279689230035,0.0028569507658153036,0.3925176519850213,61.69486189917317,10815.831660889531,0.282682,0.277421,0.076962,-0.58607,0.449792,0.021949,0.229452,6.35,0.334213,0.3103611772378866,6.0,6.0,-0.016531,-0.758953,0.007755795819382289,0.013438490163156366,0.0025781526193851705,0.1581581907075852,0.0,130.0712905293166,0.0015182679759423627,125.0,0.0002760487228986114,0.0030365359518847255,0.3949661500003131,58.761752992124876,9261.56181153904
0.365672,0.357598,0.127876,-0.489485,0.879671,-0.026633,0.268118,7.9649,0.419205,0.7613822900873045,6.0,7.0,0.726444,0.256229,0.04400134163106914,0.057017772434588485,0.03615101275185372,0.17130565339901144,1.0,150.36688663267367,0.0025406012824326896,125.0,0.00046192750589685267,0.005081202564865379,0.7640446100287631,126.91603785826693,22642.134981544925,0.270942,0.265547,0.070515,-0.421061,0.449792,0.050135,0.237699,5.7053,0.300277,0.4497915120103013,5.0,6.0,-0.030111,-1.278761,0.0052954107878836676,0.008634870849991174,0.0012595257936540544,0.19726882559121403,0.0,127.56147820077535,0.0013947830801767428,175.0,0.0002535969236684987,0.0027895661603534855,0.35584118295355177,55.536023236984924,9607.250999389978
0.420448,0.409902,0.16802,-0.842693,0.879671,0.057353,0.326985,8.8355,0.465028,0.4244156115650467,5.0,8.0,-0.179233,-0.247712,0.016891862893494033,0.07815164633783674,0.005039399979973805,0.21865715908810246,1.0,123.34869336536397,0.0033587553442809637,150.0,0.0006106827898692661,0.006717510688561927,0.8285961661019802,117.9368900913808,18814.237475541348,0.225541,0.220002,0.048401,-0.371287,0.389522,0.040885,0.182413,4.15,0.218423,0.20075272666731359,4.0,9.0,-0.404668,-0.939517,0.0030388776609586777,0.004684446970371364,0.0004429190963727926,0.10331035689466833,0.0,107.9047522105729,0.0009665084468182763,100.0,0.0001757288085124139,0.0019330168936365526,0.20858170892670355,29.558147532042504,5002.122828198443
0.365184,0.356682,0.127222,-0.842693,0.541337,0.040352,0.270894,6.5166,0.342981,0.30837222787660257,4.0,8.0,-0.76424,-0.100194,0.0432325596212305,0.050123987919260746,0.02936807244793882,0.1676269853328882,0.0,112.49422661194733,0.002533823272494299,100.0,0.0004606951404535089,0.005067646544988598,0.5700809788211992,75.36988186642657,11267.619574131812,0.179334,0.176727,0.031232,-0.371287,0.243472,0.016839,0.136411,2.7426,0.144347,0.18841141084221413,3.0,10.0,-0.71067,-0.494053,0.006202528198530276,0.002860055704213297,0.0008476382600463682,0.0773336034873957,0.0,109.05443089649371,0.0006110557389638532,100.0,0.0001111010434479733,0.0012221114779277064,0.13327667171747887,17.309833265806596,2566.4011661080253
0.267078,0.260521,0.067871,-0.527994,0.541337,0.02699,0.209934,5.1019,0.268521,0.5413370575580905,3.0,7.0,-0.064896,-0.397496,0.0009611541716328352,0.011946846389766997,0.00029081636756496214,0.14713529379233914,0.0,119.74082376119242,0.0013552837340426664,125.0,0.0002464152243713939,0.0027105674680853327,0.32456558148882736,46.67922724473715,7674.2549975624615,0.401137,0.391116,0.152972,-1.446882,0.603698,0.083505,0.24552,6.5957,0.34714,0.3912172406786672,3.0,7.0,-2.343064,7.000686,0.13529965764374074,0.2280048879949343,0.31243328290009503,0.16411375870571662,1.0,147.09720427799184,0.003057304983946095,75.0,0.0005558736334447446,0.00611460996789219,0.8994420315272826,158.99715987166317,31220.54747008701
0.201988,0.196904,0.038771,-0.396102,0.371403,0.011546,0.16164,4.0655,0.213973,0.23617874348301784,5.0,6.0,-0.094094,-0.638184,0.00031129447451667746,0.0035408654239639527,8.410570580513852e-05,0.11772863856726326,0.0,111.14850728487937,0.000775180309335647,75.0,0.0001409418744246631,0.001550360618671294,0.17232026851857643,25.581697913342598,4616.387961133341,0.511616,0.498663,0.248665,-1.446882,0.944449,0.10564,0.353391,10.2794,0.541021,0.6036978078916139,4.0,6.0,-1.069634,1.852615,0.13182526697494862,0.29948118108835625,0.3014169249418062,0.23088474211733206,1.0,150.21803997367857,0.004973269315426788,225.0,0.0009042307846230523,0.009946538630853576,1.4941495376493006,259.20628821631215,49430.14157828388
0.540505,0.528142,0.278934,-0.977682,1.547658,0.011546,0.347944,8.8404,0.465284,0.6068078493904836,7.0,6.0,0.62435,1.80281,0.12244732338000866,0.3859170011440237,0.37869079720555954,0.17220960168954305,1.0,136.58768908816728,0.005550763184275408,125.0,0.0010092296698682559,0.011101526368550815,1.5163318320317096,243.48460808807735,43854.703802847376,0.404139,0.394771,0.155844,-0.874836,0.944449,0.086869,0.293344,7.3982,0.389379,0.9444487010442213,4.0,10.0,-0.043954,0.602936,0.014863170957789879,0.08765755100417892,0.001904553959223856,0.1940681935008364,1.0,130.4964362896486,0.0031032331909310613,75.0,0.0005642242165329203,0.0062064663818621225,0.8099217447845164,129.37736239017948,23507.594803805994
0.588559,0.575472,0.331168,-0.977682,1.547658,-0.054912,0.423837,11.9202,0.627377,0.6068078493904836,5.0,9.0,0.680358,1.045359,0.0832553495695174,0.41875175477653254,0.3501150082183619,0.23169315362898826,1.0,136.78870392573728,0.006581640575403131,125.0,0.0011966619228005694,0.013163281150806262,1.8005881680288762,280.03070451623523,47786.62169176169,0.254811,0.249363,0.062182,-0.705787,0.385042,0.112965,0.186645,4.1206,0.216872,0.38504157569711406,4.0,8.0,-1.348808,1.730525,0.016513644325087663,0.016335215880595073,0.009026628808884543,0.10941801015667156,0.0,86.55948301664151,0.00123364129638414,75.0,0.0002242984175243891,0.00246728259276828,0.21356670568598116,25.422140272600295,3778.749613777097
0.307296,0.304067,0.092457,-0.891865,0.302882,0.050959,0.228296,5.873,0.309104,0.30288165568451164,5.0,8.0,-1.128177,0.892847,0.04456328891214177,0.039170352212508995,0.03094038452644148,0.14310386279062895,0.0,120.36342017304423,0.0017941904667990241,175.0,0.0003262164485089135,0.0035883809335980482,0.4319098020516026,67.34879928667343,12024.112353143031,0.297687,0.290615,0.084457,-1.00902,0.518343,0.044493,0.184865,4.9052,0.258166,0.2699964501098452,5.0,5.0,-1.954683,5.379285,0.04358837828550112,0.05638298918573459,0.05041233025973817,0.08920877422115492,0.0,110.80917540412045,0.0016837327822437807,25.0,0.00030613323313523284,0.0033674655644875613,0.3731460824026377,56.85415469648637,10089.428636364473
0.235291,0.231636,0.053655,-0.553651,0.57691,0.022908,0.167027,4.2128,0.221728,0.3026158639757902,4.0,7.0,-0.18203,1.153003,0.002979297066650653,0.011537556229465248,0.0007142787830047801,0.09491961773539166,0.0,106.19815454855286,0.0010518742715539752,125.0,0.0001912498675552682,0.0021037485431079504,0.22341421291227104,28.675522698291957,4190.299373937378,0.543827,0.534578,0.285774,-1.084289,1.075116,0.001925,0.409665,10.282,0.541159,0.5183430067065067,5.0,7.0,-0.050178,-0.16502,0.0662834877309674,0.2340006713567202,0.06941527709124166,0.23997093265252878,1.0,113.63728865177242,0.005619208304189058,125.0,0.0010216742371252834,0.011238416608378116,1.2771031921151372,173.10896752559196,25638.314249128136
0.345126,0.33828,0.114433,-0.504364,1.174194,-0.004265,0.204966,6.6141,0.348112,0.23560989839422275,5.0,8.0,1.863295,4.30415,0.0831017499401636,0.10453149662685701,0.11310444154314567,0.09332403678324379,0.0,136.05150600888803,0.0022631214192268116,150.0,0.0004114766216776021,0.004526242838453623,0.6158021547335595,95.42072200222867,15654.295079858182,0.547794,0.534271,0.285446,-1.084289,1.075116,-0.020252,0.43406,12.1366,0.638768,1.0751164042172134,5.0,8.0,-0.042608,-0.502431,0.010007405638951897,0.20310623663396848,0.004633167180970896,0.2616594646461641,1.0,123.74385550587458,0.00570148291342146,150.0,0.00103663325698572,0.01140296582684292,1.4110469556152758,197.77207298061853,30096.778474137398
0.396758,0.388769,0.151141,-0.504364,1.174194,-0.129198,0.273401,7.8312,0.412168,1.1741942402693553,3.0,6.0,1.838836,3.149057,0.08836162049794222,0.12196395513997844,0.12389509807856265,0.16949056961408268,1.0,130.3318722934001,0.0029909264555508706,75.0,0.0005438048101001582,0.005981852911101741,0.7796260896876157,125.47949965095576,22974.456647010215,0.308272,0.306427,0.093898,-0.41248,0.719603,0.008254,0.23557,6.432,0.338528,0.7196032582347256,3.0,9.0,0.528853,-0.387829,0.030853060560325034,0.026714443700741386,0.014274037938218792,0.13520010751525804,0.0,123.90054704865858,0.0018056051243121453,75.0,0.0003282918407840264,0.0036112102486242905,0.44743092531227197,65.97126710249613,10861.022304957161
0.398818,0.388748,0.151125,-0.461006,1.042953,-0.110285,0.293133,7.172,0.377474,0.7907672242455643,3.0,8.0,1.235185,0.81293,0.07468209363715836,0.08844186937653971,0.07607292129914447,0.18552298640553,1.0,118.63125818625316,0.00302206410085235,125.0,0.0005494662001549728,0.0060441282017047,0.7170225332072443,101.98870513815989,16940.651538783466,0.202884,0.197894,0.039162,-0.340884,0.343262,-0.060254,0.177002,3.471,0.182685,0.17739963582754154,3.0,8.0,0.073923,-1.250808,0.0003246336629940547,0.0026709188452473743,4.998349034976962e-05,0.14552032317363356,0.0,95.23164164206331,0.0007820749612075534,50.0,0.00014219544749228245,0.0015641499224151069,0.1489565648858966,20.214693128721514,3438.2192733664733
0.353702,0.346351,0.119959,-0.461006,1.042953,-0.02069,0.255708,5.7293,0.30154,1.042952570601277,2.0,9.0,1.005092,1.409536,0.05309214356743821,0.06856358169771594,0.060993864810825096,0.15680527962475166,0.0,105.20754878672216,0.0023769962270172042,125.0,0.0004321811321849462,0.0047539924540344084,0.500155893039534,59.65155790372094,7738.400876977583,0.23687,0.230991,0.053357,-0.29324,0.557986,-0.050406,0.19551,4.1464,0.218231,0.24873344539112757,3.0,7.0,0.68135,-0.356751,0.007201502251253411,0.007279169660419693,0.002626152799124476,0.12793730698460032,0.0,90.32948610034951,0.001066039690155635,50.0,0.00019382539821011547,0.00213207938031127,0.1925896347486687,24.38984000959233,4013.4518409938187
0.27493,0.268003,0.071826,-0.466929,0.573137,0.038619,0.216977,5.9654,0.313969,0.2626952698871554,5.0,7.0,-0.033704,-0.607669,0.0015670749193278412,0.012354469316120463,0.0009352086954052957,0.14502506486691713,0.0,133.62295552121762,0.0014361476655890288,175.0,0.0002611177573798234,0.0028722953311780576,0.3838045912818066,60.9807466814628,10559.05500050524,0.486148,0.474409,0.225064,-1.234564,0.695681,-0.04372,0.371292,9.0429,0.47594,0.5579863078437837,4.0,7.0,-0.47498,0.157695,0.06620420816130426,0.16460909917671013,0.13063584040871754,0.20184368099174888,1.0,121.57260530174248,0.004490463677553073,75.0,0.000816447941373286,0.008980927355106146,1.0918347365859415,178.78651566432004,34993.555124020364
0.407457,0.397155,0.157732,-0.856168,0.637587,0.007815,0.335962,9.0724,0.477494,0.5731366035903753,5.0,8.0,-0.096894,-0.717634,0.004475050691391289,0.05670453315306453,0.011451907138519917,0.2449259849055883,1.0,136.9777904602753,0.003154409995492243,175.0,0.0005735290900894987,0.006308819990984486,0.8641682227766687,134.7487632056728,22854.94231536484,0.510501,0.497606,0.247611,-1.234564,0.695681,0.006101,0.412042,10.2021,0.536951,0.6850137371237875,5.0,5.0,-0.56348,-0.189979,0.06533148640542016,0.1707624109803869,0.13082059948324493,0.30730600306378425,1.0,129.5893650302582,0.004951620212231583,75.0,0.0009002945840421061,0.009903240424463167,1.2833546383481664,226.07795988743194,46550.76586049638
0.451117,0.439705,0.193341,-0.88631,0.637587,0.081442,0.37568,10.2646,0.540244,0.609268564363958,6.0,7.0,-0.356792,-0.704909,0.03212835142189934,0.0861709075057592,0.0375083963793348,0.3071209390944588,1.0,137.84748330446956,0.003866624523206403,175.0,0.0007030226405829824,0.007733249046412806,1.0660089188146944,171.85276567344627,30583.848302063434,0.275925,0.269628,0.072699,-0.503778,0.535677,0.005431,0.217223,3.369,0.177317,0.5356765923265696,3.0,11.0,0.071613,-0.407309,0.0055809154729448505,0.01383178495222207,0.002037383575618778,0.14924295376277114,0.0,91.18969575326956,0.0014465565400179656,25.0,0.00026301028000326644,0.002893113080035931,0.2638221015482812,34.704702111195296,5504.329714732343
0.342514,0.333842,0.11145,-0.88631,0.526384,0.081442,0.264181,8.1798,0.430517,0.4903736212724461,6.0,4.0,-0.798118,0.482241,0.029748823176133716,0.043272394843168506,0.02579496803367635,0.18943531480725803,1.0,140.49297631053912,0.002229002489626789,200.0,0.00040527317993214345,0.004458004979253578,0.6263183879425384,107.37473366480863,20376.391944110233,0.162038,0.158553,0.025139,-0.389927,0.169726,0.005431,0.134721,2.3131,0.12174,0.16337404633042918,3.0,10.0,-0.668887,-0.527209,0.0036843075017954615,0.0017152364032421725,0.0005150588070685815,0.10299162777165469,0.0,86.50851263026873,0.0004988705070356748,25.0,9.070372855194088e-05,0.0009977410140713497,0.08631309111752848,12.519326837038484,2304.686272646247
0.278888,0.271896,0.073928,-0.638867,0.385099,0.020839,0.21735,6.0607,0.318983,0.31166063529481436,5.0,7.0,-0.60677,-0.216716,0.013553819199256944,0.015513168780092812,0.0062037688277103275,0.15575738223632465,0.0,140.94198600637006,0.0014777909227808967,150.0,0.00026868925868743575,0.0029555818455617934,0.4165655751178517,67.73699647392064,11963.447396002503,0.239758,0.234137,0.05482,-0.514713,0.438316,0.020647,0.187853,4.4318,0.23325,0.43831635887829123,4.0,7.0,-0.120218,-0.208642,0.000843825103150565,0.008304400344870745,0.00035213204240863363,0.13597177223764112,0.0,102.12977121063822,0.0010921951101747777,75.0,0.00019858092912268687,0.0021843902203495555,0.22309127343905572,31.25254542437032,5122.662686990545
0.286123,0.278985,0.077833,-0.638867,0.397144,-0.032487,0.225791,6.0908,0.320567,0.3210943009890973,4.0,9.0,-0.290341,-0.480073,0.008098083653402763,0.01546432688370269,0.0046759416028276145,0.1614589862439074,0.0,144.47319569217967,0.0015554623014012955,150.0,0.00028281132752750826,0.003110924602802591,0.44944521892431505,72.90210317562646,12758.744681420449,0.376048,0.36677,0.13452,-0.670859,0.871614,-0.015179,0.286313,8.6206,0.453715,0.43831635887829123,5.0,7.0,0.271465,-0.017452,0.007984478418476559,0.05325810810652576,0.014787529021852435,0.18156557819262226,1.0,132.35719429969268,0.002686835947943764,150.0,0.0004885156268988662,0.005373671895887528,0.7112441352267835,110.05060521964074,18298.321937203196
0.365785,0.358022,0.12818,-1.070228,0.768349,-0.050808,0.247952,6.9729,0.366994,0.39714352676350073,4.0,8.0,-0.601895,2.167112,0.03979186973517433,0.08787225747783825,0.05700697428591374,0.15641758704759798,0.0,117.91268254262788,0.0025421761189529444,100.0,0.00046221383980962625,0.005084352237905889,0.5995096113630967,81.63853397584874,12374.26653818379,0.40142,0.392837,0.154321,-0.848884,0.871614,0.007708,0.304115,9.3971,0.494586,0.8716139739692463,4.0,7.0,-0.04318,0.111032,0.018798780023702517,0.07440755733041973,0.00618470724189669,0.1987318722726729,1.0,142.22893176046787,0.0030616197533162963,150.0,0.0005566581369665993,0.006123239506632593,0.870901813941848,140.01168586029817,24211.064215708382
0.486847,0.47465,0.225293,-1.070228,0.813223,-0.045161,0.350593,10.0179,0.527258,0.7683491980734974,5.0,7.0,-0.259025,-0.044035,0.020151499971676097,0.14880523995017958,0.044102909540119285,0.211304001723024,1.0,123.17877674907672,0.004503379180042646,150.0,0.0008187962145532083,0.009006758360085292,1.1094414772698264,148.41042364017596,21180.74224409911,0.307386,0.30102,0.090613,-0.848884,0.397446,0.05957,0.230267,6.4603,0.340017,0.3974464735196994,4.0,3.0,-1.278868,1.495354,0.026511084521801342,0.03266541767676847,0.022124067460170937,0.1548290846554476,0.0,134.1561226403317,0.001795237634309462,175.0,0.0003264068426017204,0.003590475268618924,0.4816842404739182,83.14563380525281,16085.399970105052
0.400304,0.390257,0.1523,-0.782759,0.813223,-0.036805,0.295536,7.7675,0.408818,0.813222990861826,5.0,6.0,0.217484,-0.109263,0.016724679886740132,0.06748487732549549,0.01249979558616787,0.18691227855058953,1.0,130.08421774832863,0.003044620212657892,150.0,0.000553567311392344,0.006089240425315784,0.7921140774087037,116.43476542686564,18729.98490630027,0.305102,0.297379,0.088434,-0.610748,0.774537,0.011414,0.213899,6.2229,0.327523,0.302213223978736,5.0,5.0,0.243654,0.805783,0.0066579429498057115,0.029787467330815824,0.008422519744025848,0.12500004912273502,0.0,144.21205060490254,0.0017686624301972492,75.0,0.00032157498730859077,0.0035373248603944984,0.5101248717731912,87.64031801523967,16858.019503800515
0.180644,0.180252,0.032491,-0.368456,0.332635,0.090205,0.156262,3.7053,0.195014,0.17387041580494728,4.0,5.0,-0.58726,-0.355935,0.00044229462363434835,0.002325473670214329,0.00011443217440017229,0.13059521909681887,0.0,129.3934019297003,0.0006200096788098775,25.0,0.00011272903251088682,0.001240019357619755,0.16045032314110175,30.238940553028307,6386.819746598971,0.312011,0.304223,0.092552,-0.610748,0.774537,-0.005475,0.21796,5.6411,0.296903,0.7745366998428087,5.0,7.0,0.569211,0.671224,0.018304562716915912,0.031968148228789496,0.011915588793694774,0.123334353580024,0.0,119.54846176326699,0.0018496645431465878,100.0,0.0003363026442084705,0.0036993290862931756,0.4422491018224611,65.64577413385824,11039.325480821784
0.341344,0.334867,0.112136,-0.755729,0.690501,0.099848,0.253091,4.9909,0.26268,0.5566705266267467,3.0,9.0,-0.658035,0.869847,0.011549229202899122,0.04469049676209702,0.009681077862887263,0.1821021188269706,0.0,95.10981441503976,0.002213796124401074,75.0,0.00040250838625474075,0.004427592248802148,0.4211074770890409,49.14405989339634,6897.874191891869,0.34123,0.332818,0.110768,-0.684905,0.63176,0.034565,0.269188,6.2556,0.329241,0.5164474449711388,4.0,8.0,-0.074814,-0.514267,0.0013359827238615043,0.030380422916239665,0.0011939994536974013,0.18498895481829666,0.0,103.91716662090684,0.0022123254765944373,75.0,0.00040224099574444317,0.004424650953188875,0.45979719034188254,65.22213168793994,11075.077839680569
0.445631,0.436917,0.190897,-0.755729,0.956148,-0.138482,0.349173,8.1032,0.426483,0.5566705266267467,4.0,11.0,0.48184,-0.137878,0.012595724303776253,0.09693385553945792,0.024173527908179525,0.24513485678037286,1.0,103.31866811954315,0.003773149442369655,100.0,0.0006860271713399373,0.00754629888473931,0.7796735500032594,91.46504043172827,11858.416542900308,0.30845,0.30114,0.090686,-0.684905,0.63176,-0.016781,0.230871,5.2562,0.276643,0.38686131267426893,4.0,9.0,-0.140343,0.031854,0.00852338899290957,0.02519631678632047,0.003794754274987204,0.1440980985157811,0.0,108.35596418752645,0.0018076903332652561,100.0,0.00032867096968459204,0.0036153806665305123,0.3917480580268557,56.390153367666024,9355.806029964177
0.351251,0.343394,0.117919,-0.64223,0.956148,-0.017367,0.260407,7.3941,0.389164,0.9561475585705081,5.0,6.0,0.830373,1.272022,0.023928676477264432,0.05563594100789345,0.03349588750495207,0.12565742084500767,0.0,118.94440720365593,0.002344174553446601,100.0,0.0004262135551721093,0.004688349106893202,0.5576529052832017,77.09914959936425,11990.58843546871,0.308842,0.301037,0.090623,-0.700251,0.514408,0.035186,0.230077,6.3342,0.333376,0.28012766046218646,5.0,7.0,-0.593174,0.035689,0.015372135776254695,0.0247383489007277,0.009206696233707488,0.1400838812660167,0.0,148.92504875082798,0.0018122849626766233,75.0,0.00032950635685029516,0.0036245699253532465,0.5397892528340171,97.34780984402234,19439.203928963914
0.249101,0.247141,0.061079,-0.382516,0.554307,0.038537,0.191898,4.1325,0.217498,0.2226749926935646,3.0,8.0,0.263187,-0.329875,0.012026508804149544,0.010731758460668045,0.0035896314340061754,0.09776364361728841,0.0,94.59875713813341,0.0011789761022665173,50.0,0.00021435929132118496,0.0023579522045330346,0.2230593479399468,30.244017688806913,4981.4718873447,0.329667,0.322888,0.104257,-0.700251,0.514408,0.015854,0.264388,7.2286,0.380453,0.37717188563754056,4.0,9.0,-0.351255,-0.638725,0.02152933366285449,0.027279039955610023,0.010450637944358245,0.1865945951086205,1.0,145.44724920995793,0.002064930884696368,75.0,0.0003754419790357032,0.004129861769392736,0.6006770339755431,105.53456105431127,20574.023495706824
0.333969,0.325586,0.106006,-0.781424,0.631591,-0.025915,0.261081,6.6925,0.352235,0.5543068176480441,4.0,9.0,-0.063415,0.191665,1.877525918167998e-05,0.035803210673157546,0.005783835086843793,0.20216687346999357,0.0,134.4944218353113,0.002119165135145825,150.0,0.0003853027518446955,0.00423833027029165,0.5700317792499742,82.57397424310948,12649.101420071585,0.272702,0.265797,0.070648,-0.469518,0.553677,-0.024174,0.223005,5.2891,0.278375,0.2423505094249183,3.0,10.0,0.117072,-0.76485,0.0022405714374352835,0.011157685655599443,0.0012107079901779708,0.16249169485402706,0.0,113.16636041471266,0.0014129581572645295,100.0,0.00025690148313900534,0.002825916314529059,0.31979866415181196,42.8372362961071,6595.773682497704
0.286524,0.281176,0.07906,-0.781424,0.631591,-0.039524,0.209953,5.3881,0.283587,0.6315910401535645,5.0,9.0,-0.250202,1.460039,0.01313450152665,0.02834282926333979,0.009735803238819625,0.14889375066380953,0.0,128.05544540412927,0.0015598230393082497,175.0,0.0002836041889651363,0.0031196460786164994,0.39948766810048114,58.77825279569257,9315.466452631716,0.229652,0.22727,0.051652,-0.396038,0.553677,-0.007795,0.173284,4.3033,0.226488,0.3324329850017251,4.0,9.0,0.221466,-0.088547,0.008459498065136012,0.00816753079360891,0.0024306340613581916,0.10726994540400918,0.0,120.81138080646633,0.0010020615073947784,100.0,0.00018219300134450516,0.0020041230147895567,0.2421208687227445,35.201449730936226,5830.577982686769
0.178604,0.17429,0.030377,-0.374791,0.31919,-0.041966,0.14057,4.1278,0.217253,0.27528004702371445,5.0,7.0,0.263183,-0.231666,0.0006139159085376638,0.002508222372988593,2.431774488132067e-05,0.10692076467328077,0.0,140.620690826762,0.0006060877905519085,125.0,0.00011019778010034699,0.001212175581103817,0.1704569676181504,28.609854855442148,5194.180486724098,0.166755,0.162592,0.026436,-0.31347,0.343092,-0.032274,0.126754,3.0633,0.161225,0.18856480115147767,4.0,8.0,0.48908,-0.105401,0.0017510134266766262,0.001986090698969655,0.00023662415194389508,0.07504250867187923,0.0,95.47708100008225,0.0005283361819226712,75.0,9.606112398594021e-05,0.0010566723638453423,0.10088799287341013,12.065476600259814,1729.692882552873
0.250155,0.243885,0.05948,-0.663358,0.31919,0.023624,0.193999,5.7621,0.303268,0.3092072156342047,5.0,5.0,-0.916086,0.500244,0.014270847652226432,0.012676927362293663,0.006557739720906809,0.14013316110635576,0.0,141.7541243909554,0.0011889760348839445,100.0,0.0002161774608879899,0.002377952069767889,0.3370845134936072,55.06564088585664,9934.88861535041,0.361263,0.352155,0.124013,-0.726911,0.588717,-0.063885,0.287648,5.757,0.303,0.34309238625882044,3.0,8.0,-0.166613,-0.633148,0.00531076066286997,0.0362514275604938,0.007640348704605289,0.1789859011167881,0.0,111.1180220932086,0.002479711466585957,75.0,0.00045085663028835576,0.004959422933171914,0.5510812670577621,69.68709964844363,9849.167467324969
0.350873,0.342266,0.117146,-0.663358,0.67431,0.08816,0.271562,6.3744,0.335497,0.6743102983172036,4.0,8.0,-0.321901,-0.506676,0.017708731109612408,0.03494788531740794,0.005165993444800223,0.1796577720099298,0.0,125.89980625067211,0.0023391309868579842,125.0,0.00042529654306508805,0.0046782619737159685,0.5889922760807274,81.49304839134084,12286.596460170667,0.400032,0.390124,0.152197,-0.752208,0.588717,0.086402,0.32434,7.23,0.380524,0.3783430582962868,3.0,6.0,-0.532274,-0.674886,0.02555568365122336,0.05223596484938033,0.01962747626878963,0.2339879857957769,0.0,107.16726145212033,0.0030404872344697333,75.0,0.0005528158608126787,0.0060809744689394665,0.6516813807965044,87.319263364596,13928.660124334021
0.356096,0.347311,0.120625,-0.555307,0.722612,0.051586,0.274799,6.2944,0.331285,0.6743102983172036,4.0,7.0,0.237783,-0.372898,0.014528830306559996,0.038744181088669734,0.011089051370607329,0.18953890890948943,0.0,111.03446963728449,0.0024092767671245524,75.0,0.00043805032129537317,0.004818553534249105,0.5350255360942121,67.22815774676332,9521.992019570467,0.302786,0.295891,0.087552,-0.752208,0.557364,-0.023193,0.237015,6.4322,0.338535,0.35469998342597525,3.0,5.0,-0.370789,0.179418,0.015121489249828948,0.025170690585482585,0.00991180212863007,0.17449304830778647,0.0,115.60639428485777,0.0017419051472161039,75.0,0.00031671002676656433,0.0034838102944322077,0.4027507465117762,63.292686112032,12048.883037894957
0.31651,0.309929,0.096056,-0.471242,0.722612,-0.009712,0.249946,6.3501,0.334216,0.7226123210214649,3.0,5.0,0.604339,-0.201576,0.02626951362843121,0.027965912663504917,0.014334082693794678,0.18846915146050025,0.0,121.26028890024668,0.0019033921261651806,100.0,0.00034607129566639646,0.003806784252330361,0.46161175821848915,68.92518022306741,11854.931057210166,0.331026,0.322887,0.104256,-0.532919,0.62283,-0.0504,0.266818,7.3098,0.384725,0.5573636307375731,5.0,5.0,0.398192,-0.729056,0.0172881630941906,0.025377618984242088,0.00743400148600151,0.19472964560347225,0.0,137.41812011262232,0.002081985066554795,100.0,0.00037854273937359907,0.00416397013310959,0.5722049478970256,93.40239143486512,17362.042405770986
0.280298,0.27378,0.074955,-0.471242,0.644155,-0.04505,0.224903,5.7519,0.302732,0.6441548492960055,4.0,6.0,0.5113,-0.196584,0.006433949138128765,0.015017139086589313,0.004337298197088385,0.15739532223114805,0.0,145.80756195889433,0.0014927702671777082,75.0,0.00027141277585049237,0.0029855405343554163,0.4353143864438178,75.42071533639403,14593.841838957225,0.311786,0.303907,0.092359,-0.532919,0.62283,-0.009246,0.241453,6.7849,0.357099,0.29976674129209774,6.0,6.0,0.283297,-0.462221,0.008809776758763165,0.021747391784287723,0.0045162877210149464,0.15769641003228246,0.0,139.74200262791211,0.0018469969996237248,100.0,0.0003358176362952227,0.0036939939992474496,0.5162061191503287,88.11483461972597,17270.42471154515
0.284381,0.277271,0.076879,-0.439703,0.559215,-0.012304,0.229837,6.2546,0.329187,0.26926924568799737,5.0,5.0,0.358241,-0.738212,0.009262308887650353,0.013589979220211972,0.0036399808495069436,0.1585346410703586,0.0,145.85999581256777,0.0015365790498839851,150.0,0.0002793780090698155,0.0030731580997679702,0.4482508275635149,73.6540198607559,13144.51882929407,0.251147,0.244881,0.059967,-0.475147,0.475229,-0.00706,0.194237,6.2248,0.327621,0.34144852959245564,6.0,7.0,0.287252,-0.441256,0.0029984379692011617,0.009089826813755149,0.0009234693260370437,0.1302706357511099,0.0,133.5315751523496,0.001198423332766502,150.0,0.00021789515141209127,0.002396846665533004,0.32005471064727886,49.12814302081658,8195.682957195564
